num_boletim,data_hora_boletim,numero_envolvido,condutor,codigo_severidade,desc_severidade,sexo,cinto_seguranca,Embreagues,Idade,nascimento,categoria_habilitacao,descricao_habilitacao,declaracao_obito,cod_severidade_antiga,especie_veiculo,pedestre,passageiro,condutor (grupos),Idade (grupos),descricao_habilitacao (grupos)
"2016-000625491-001",2016-01-09 16:15:00.000,1,"S",3,"SEM FERIMENTOS","M","NÃO","NÃO",34,"26/10/1981","","",0,0,"AUTOMOVEL","N","N","Condutor","31 a 35",""
"2016-000931955-001",2016-01-13 12:35:00.000,1,"S",3,"SEM FERIMENTOS","M","NÃO","NÃO",34,"14/07/1981","","",0,0,"AUTOMOVEL","N","N","Condutor","31 a 35",""
"2016-001261337-001",2016-01-18 13:33:00.000,1,"S",3,"SEM FERIMENTOS","M","NÃO","NÃO",34,"29/03/1981","","",0,0,"AUTOMOVEL","N","N","Condutor","31 a 35",""
"2016-002051611-001",2016-01-28 11:46:00.000,1,"S",3,"SEM FERIMENTOS","M","NÃO","NÃO",34,"11/10/1981","","",0,0,"AUTOMOVEL","N","N","Condutor","31 a 35",""
"2016-002142344-001",2016-01-28 15:12:00.000,1,"S",3,"SEM FERIMENTOS","M","NÃO","NÃO",34,"27/03/1981","","",0,0,"AUTOMOVEL","N","N","Condutor","31 a 35",""
"2016-002176258-001",2016-01-29 17:49:00.000,1,"S",3,"SEM FERIMENTOS","M","NÃO","NÃO",34,"08/09/1981","","",0,0,"AUTOMOVEL","N","N","Condutor","31 a 35",""
"2016-002246850-001",2016-01-30 23:04:00.000,1,"S",3,"SEM FERIMENTOS","M","NÃO","NÃO",34,"11/08/1981","","",0,0,"AUTOMOVEL","N","N","Condutor","31 a 35",""
"2016-002291685-001",2016-01-31 15:32:00.000,1,"S",3,"SEM FERIMENTOS","M","NÃO","NÃO",34,"27/09/1981","","",0,0,"AUTOMOVEL","N","N","Condutor","31 a 35",""
"2016-002658888-001",2016-02-04 18:18:00.000,1,"S",3,"SEM FERIMENTOS","M","NÃO","NÃO",34,"20/02/1981","","",0,0,"AUTOMOVEL","N","N","Condutor","31 a 35",""
"2016-003106019-001",2016-02-10 21:20:00.000,1,"S",3,"SEM FERIMENTOS","M","NÃO","NÃO",34,"27/04/1981","","",0,0,"AUTOMOVEL","N","N","Condutor","31 a 35",""
"2016-003148624-001",2016-02-11 11:35:00.000,1,"S",3,"SEM FERIMENTOS","M","NÃO","NÃO",34,"28/09/1981","","",0,0,"AUTOMOVEL","N","N","Condutor","31 a 35",""
"2016-003222713-001",2016-02-12 10:35:00.000,1,"S",3,"SEM FERIMENTOS","M","NÃO","NÃO",34,"17/04/1981","","",0,0,"AUTOMOVEL","N","N","Condutor","31 a 35",""
"2016-003266572-001",2016-02-12 16:32:00.000,1,"S",3,"SEM FERIMENTOS","M","NÃO","NÃO",34,"12/09/1981","","",0,0,"AUTOMOVEL","N","N","Condutor","31 a 35",""
"2016-003856261-001",2016-02-19 18:39:00.000,1,"S",3,"SEM FERIMENTOS","M","NÃO","NÃO",34,"09/05/1981","","",0,0,"AUTOMOVEL","N","N","Condutor","31 a 35",""
"2016-003919138-001",2016-02-20 22:50:00.000,1,"S",3,"SEM FERIMENTOS","M","NÃO","NÃO",34,"31/03/1981","","",0,0,"AUTOMOVEL","N","N","Condutor","31 a 35",""
"2016-004413584-001",2016-02-26 21:11:00.000,1,"S",3,"SEM FERIMENTOS","M","NÃO","NÃO",34,"29/09/1981","","",0,0,"AUTOMOVEL","N","N","Condutor","31 a 35",""
"2016-004733099-001",2016-03-02 06:58:00.000,1,"S",3,"SEM FERIMENTOS","M","NÃO","NÃO",34,"13/10/1981","","",0,0,"AUTOMOVEL","N","N","Condutor","31 a 35",""
"2016-004796578-001",2016-03-02 20:34:00.000,1,"S",3,"SEM FERIMENTOS","M","NÃO","NÃO",34,"12/08/1981","","",0,0,"AUTOMOVEL","N","N","Condutor","31 a 35",""
"2016-005277551-001",2016-03-08 22:33:00.000,1,"S",3,"SEM FERIMENTOS","M","NÃO","NÃO",34,"15/03/1981","","",0,0,"AUTOMOVEL","N","N","Condutor","31 a 35",""
"2016-005279206-001",2016-03-08 23:45:00.000,1,"S",3,"SEM FERIMENTOS","M","NÃO","NÃO",34,"12/09/1981","","",0,0,"AUTOMOVEL","N","N","Condutor","31 a 35",""
"2016-005491441-001",2016-03-11 12:51:00.000,1,"S",3,"SEM FERIMENTOS","M","NÃO","NÃO",34,"18/09/1981","","",0,0,"AUTOMOVEL","N","N","Condutor","31 a 35",""
"2016-005860788-001",2016-03-16 09:02:00.000,1,"S",3,"SEM FERIMENTOS","M","NÃO","NÃO",34,"30/10/1981","","",0,0,"AUTOMOVEL","N","N","Condutor","31 a 35",""
"2016-006118660-001",2016-03-19 05:15:00.000,1,"S",3,"SEM FERIMENTOS","M","NÃO","NÃO",34,"23/10/1981","","",0,0,"AUTOMOVEL","N","N","Condutor","31 a 35",""
"2016-006152442-001",2016-03-19 20:25:00.000,1,"S",3,"SEM FERIMENTOS","M","NÃO","NÃO",34,"17/05/1981","","",0,0,"AUTOMOVEL","N","N","Condutor","31 a 35",""
"2016-006203719-001",2016-03-20 21:06:00.000,1,"S",3,"SEM FERIMENTOS","M","NÃO","NÃO",34,"27/08/1981","","",0,0,"AUTOMOVEL","N","N","Condutor","31 a 35",""
"2016-006292165-001",2016-03-21 15:57:00.000,1,"S",3,"SEM FERIMENTOS","M","NÃO","NÃO",34,"19/08/1981","","",0,0,"AUTOMOVEL","N","N","Condutor","31 a 35",""
"2016-006638713-001",2016-03-26 14:48:00.000,1,"S",3,"SEM FERIMENTOS","M","NÃO","NÃO",34,"13/08/1981","","",0,0,"AUTOMOVEL","N","N","Condutor","31 a 35",""
"2016-006840821-001",2016-03-29 06:21:00.000,1,"S",3,"SEM FERIMENTOS","M","NÃO","NÃO",34,"09/08/1981","","",0,0,"AUTOMOVEL","N","N","Condutor","31 a 35",""
"2016-006900973-001",2016-03-29 17:48:00.000,1,"S",3,"SEM FERIMENTOS","M","NÃO","NÃO",34,"19/08/1981","","",0,0,"AUTOMOVEL","N","N","Condutor","31 a 35",""
"2016-006952760-001",2016-03-30 10:47:00.000,1,"S",3,"SEM FERIMENTOS","M","NÃO","NÃO",34,"27/01/1982","","",0,0,"AUTOMOVEL","N","N","Condutor","31 a 35",""
"2016-007024853-001",2016-03-31 09:24:00.000,1,"S",3,"SEM FERIMENTOS","M","NÃO","NÃO",34,"09/01/1982","","",0,0,"AUTOMOVEL","N","N","Condutor","31 a 35",""
"2016-007762456-001",2016-04-09 00:21:00.000,1,"S",3,"SEM FERIMENTOS","M","NÃO","NÃO",34,"18/06/1981","","",0,0,"AUTOMOVEL","N","N","Condutor","31 a 35",""
"2016-007776343-001",2016-04-09 07:49:00.000,1,"S",3,"SEM FERIMENTOS","M","NÃO","NÃO",34,"02/05/1981","","",0,0,"AUTOMOVEL","N","N","Condutor","31 a 35",""
"2016-008729228-001",2016-04-20 22:20:00.000,1,"S",3,"SEM FERIMENTOS","M","NÃO","NÃO",34,"20/05/1981","","",0,0,"AUTOMOVEL","N","N","Condutor","31 a 35",""
"2016-009104628-001",2016-04-26 14:45:00.000,1,"S",3,"SEM FERIMENTOS","M","NÃO","NÃO",34,"10/05/1981","","",0,0,"AUTOMOVEL","N","N","Condutor","31 a 35",""
"2016-009354277-001",2016-04-29 19:14:00.000,1,"S",3,"SEM FERIMENTOS","M","NÃO","NÃO",34,"12/07/1981","","",0,0,"AUTOMOVEL","N","N","Condutor","31 a 35",""
"2016-009474290-001",2016-05-01 18:27:00.000,1,"S",3,"SEM FERIMENTOS","M","NÃO","NÃO",34,"31/08/1981","","",0,0,"AUTOMOVEL","N","N","Condutor","31 a 35",""
"2016-009754285-001",2016-05-04 19:30:00.000,1,"S",3,"SEM FERIMENTOS","M","NÃO","NÃO",34,"31/05/1981","","",0,0,"AUTOMOVEL","N","N","Condutor","31 a 35",""
"2016-009934340-001",2016-05-06 23:34:00.000,1,"S",3,"SEM FERIMENTOS","M","NÃO","NÃO",34,"31/10/1981","","",0,0,"AUTOMOVEL","N","N","Condutor","31 a 35",""
"2016-010022156-001",2016-05-08 12:57:00.000,1,"S",3,"SEM FERIMENTOS","M","NÃO","NÃO",34,"09/07/1981","","",0,0,"AUTOMOVEL","N","N","Condutor","31 a 35",""
"2016-010273003-001",2016-05-11 09:02:00.000,1,"S",3,"SEM FERIMENTOS","M","NÃO","NÃO",34,"10/04/1982","","",0,0,"AUTOMOVEL","N","N","Condutor","31 a 35",""
"2016-010518134-001",2016-05-14 09:50:00.000,1,"S",3,"SEM FERIMENTOS","M","NÃO","NÃO",34,"28/04/1982","","",0,0,"AUTOMOVEL","N","N","Condutor","31 a 35",""
"2016-010589350-001",2016-05-15 17:35:00.000,1,"S",3,"SEM FERIMENTOS","M","NÃO","NÃO",34,"27/12/1981","","",0,0,"AUTOMOVEL","N","N","Condutor","31 a 35",""
"2016-010858060-001",2016-05-18 19:11:00.000,1,"S",3,"SEM FERIMENTOS","M","NÃO","NÃO",34,"25/11/1981","","",0,0,"AUTOMOVEL","N","N","Condutor","31 a 35",""
"2016-011084954-001",2016-05-21 20:08:00.000,1,"S",3,"SEM FERIMENTOS","M","NÃO","NÃO",34,"07/07/1981","","",0,0,"AUTOMOVEL","N","N","Condutor","31 a 35",""
"2016-011286943-001",2016-05-24 14:11:00.000,1,"S",3,"SEM FERIMENTOS","M","NÃO","NÃO",34,"16/03/1982","","",0,0,"AUTOMOVEL","N","N","Condutor","31 a 35",""
"2016-011504911-001",2016-05-27 14:32:00.000,1,"S",3,"SEM FERIMENTOS","M","NÃO","NÃO",34,"08/04/1982","","",0,0,"AUTOMOVEL","N","N","Condutor","31 a 35",""
"2016-012723266-001",2016-06-12 16:40:00.000,1,"S",3,"SEM FERIMENTOS","M","NÃO","NÃO",34,"02/11/1981","","",0,0,"AUTOMOVEL","N","N","Condutor","31 a 35",""
"2016-012921019-001",2016-06-15 08:01:00.000,1,"S",3,"SEM FERIMENTOS","M","NÃO","NÃO",34,"08/08/1981","","",0,0,"AUTOMOVEL","N","N","Condutor","31 a 35",""
"2016-013158173-001",2016-06-17 18:49:00.000,1,"S",3,"SEM FERIMENTOS","M","NÃO","NÃO",34,"23/03/1982","","",0,0,"AUTOMOVEL","N","N","Condutor","31 a 35",""
"2016-013824602-001",2016-06-27 10:40:00.000,1,"S",3,"SEM FERIMENTOS","M","NÃO","NÃO",34,"28/04/1982","","",0,0,"AUTOMOVEL","N","N","Condutor","31 a 35",""
"2016-014048090-001",2016-06-29 20:58:00.000,1,"S",3,"SEM FERIMENTOS","M","NÃO","NÃO",34,"05/06/1982","","",0,0,"AUTOMOVEL","N","N","Condutor","31 a 35",""
"2016-014577172-001",2016-07-06 13:53:00.000,1,"S",3,"SEM FERIMENTOS","M","NÃO","NÃO",34,"01/06/1982","","",0,0,"AUTOMOVEL","N","N","Condutor","31 a 35",""
"2016-015158479-001",2016-07-13 15:44:00.000,1,"S",3,"SEM FERIMENTOS","M","NÃO","NÃO",34,"14/04/1982","","",0,0,"AUTOMOVEL","N","N","Condutor","31 a 35",""
"2016-015445440-001",2016-07-17 18:38:00.000,1,"S",3,"SEM FERIMENTOS","M","NÃO","NÃO",34,"03/11/1981","","",0,0,"AUTOMOVEL","N","N","Condutor","31 a 35",""
"2016-015808658-001",2016-07-22 06:31:00.000,1,"S",3,"SEM FERIMENTOS","M","NÃO","NÃO",34,"15/05/1982","","",0,0,"AUTOMOVEL","N","N","Condutor","31 a 35",""
"2016-015854159-001",2016-07-22 15:23:00.000,1,"S",3,"SEM FERIMENTOS","M","NÃO","NÃO",34,"27/06/1982","","",0,0,"AUTOMOVEL","N","N","Condutor","31 a 35",""
"2016-016001900-001",2016-07-25 07:35:00.000,1,"S",3,"SEM FERIMENTOS","M","NÃO","NÃO",34,"26/01/1982","","",0,0,"AUTOMOVEL","N","N","Condutor","31 a 35",""
"2016-016057475-001",2016-07-25 15:09:00.000,1,"S",3,"SEM FERIMENTOS","M","NÃO","NÃO",34,"18/01/1982","","",0,0,"AUTOMOVEL","N","N","Condutor","31 a 35",""
"2016-016613580-001",2016-08-01 17:20:00.000,1,"S",3,"SEM FERIMENTOS","M","NÃO","NÃO",34,"15/12/1981","","",0,0,"AUTOMOVEL","N","N","Condutor","31 a 35",""
"2016-016982974-001",2016-08-06 02:20:00.000,1,"S",3,"SEM FERIMENTOS","M","NÃO","NÃO",34,"27/03/1982","","",0,0,"AUTOMOVEL","N","N","Condutor","31 a 35",""
"2016-017214623-001",2016-08-09 06:24:00.000,1,"S",3,"SEM FERIMENTOS","M","NÃO","NÃO",34,"13/07/1982","","",0,0,"AUTOMOVEL","N","N","Condutor","31 a 35",""
"2016-017613217-001",2016-08-13 16:45:00.000,1,"S",3,"SEM FERIMENTOS","M","NÃO","NÃO",34,"28/03/1982","","",0,0,"AUTOMOVEL","N","N","Condutor","31 a 35",""
"2016-018095808-001",2016-08-20 06:15:00.000,1,"S",3,"SEM FERIMENTOS","M","NÃO","NÃO",34,"12/08/1982","","",0,0,"AUTOMOVEL","N","N","Condutor","31 a 35",""
"2016-018298090-001",2016-08-28 02:20:00.000,1,"S",3,"SEM FERIMENTOS","M","NÃO","NÃO",34,"12/09/1981","","",0,0,"AUTOMOVEL","N","N","Condutor","31 a 35",""
"2016-018355608-001",2016-08-23 14:42:00.000,1,"S",3,"SEM FERIMENTOS","M","NÃO","NÃO",34,"18/12/1981","","",0,0,"AUTOMOVEL","N","N","Condutor","31 a 35",""
"2016-018468293-001",2016-08-24 21:40:00.000,1,"S",3,"SEM FERIMENTOS","M","NÃO","NÃO",34,"19/02/1982","","",0,0,"AUTOMOVEL","N","N","Condutor","31 a 35",""
"2016-018540082-001",2016-08-25 19:51:00.000,1,"S",3,"SEM FERIMENTOS","M","NÃO","NÃO",34,"06/07/1982","","",0,0,"AUTOMOVEL","N","N","Condutor","31 a 35",""
"2016-018585321-001",2016-08-26 11:52:00.000,1,"S",3,"SEM FERIMENTOS","M","NÃO","NÃO",34,"28/05/1982","","",0,0,"AUTOMOVEL","N","N","Condutor","31 a 35",""
"2016-019341630-001",2016-09-05 12:41:00.000,1,"S",3,"SEM FERIMENTOS","M","NÃO","NÃO",34,"05/09/1982","","",0,0,"AUTOMOVEL","N","N","Condutor","31 a 35",""
"2016-019382181-001",2016-09-05 16:46:00.000,1,"S",3,"SEM FERIMENTOS","M","NÃO","NÃO",34,"11/06/1982","","",0,0,"AUTOMOVEL","N","N","Condutor","31 a 35",""
"2016-019422458-001",2016-09-06 10:07:00.000,1,"S",3,"SEM FERIMENTOS","M","NÃO","NÃO",34,"01/02/1982","","",0,0,"AUTOMOVEL","N","N","Condutor","31 a 35",""
"2016-019475264-001",2016-09-06 18:48:00.000,1,"S",3,"SEM FERIMENTOS","M","NÃO","NÃO",34,"13/10/1981","","",0,0,"AUTOMOVEL","N","N","Condutor","31 a 35",""
"2016-019548004-001",2016-09-07 21:22:00.000,1,"S",3,"SEM FERIMENTOS","M","NÃO","NÃO",34,"24/04/1982","","",0,0,"AUTOMOVEL","N","N","Condutor","31 a 35",""
"2016-019605375-001",2016-09-08 15:22:00.000,1,"S",3,"SEM FERIMENTOS","M","NÃO","NÃO",34,"20/09/1981","","",0,0,"AUTOMOVEL","N","N","Condutor","31 a 35",""
"2016-019624315-001",2016-09-08 19:01:00.000,1,"S",3,"SEM FERIMENTOS","M","NÃO","NÃO",34,"31/03/1982","","",0,0,"AUTOMOVEL","N","N","Condutor","31 a 35",""
"2016-019670524-001",2016-09-07 04:10:00.000,1,"S",3,"SEM FERIMENTOS","M","NÃO","NÃO",34,"24/07/1982","","",0,0,"AUTOMOVEL","N","N","Condutor","31 a 35",""
"2016-019951449-001",2016-09-13 07:32:00.000,1,"S",3,"SEM FERIMENTOS","M","NÃO","NÃO",34,"30/11/1981","","",0,0,"AUTOMOVEL","N","N","Condutor","31 a 35",""
"2016-019996772-001",2016-09-13 14:47:00.000,1,"S",3,"SEM FERIMENTOS","M","NÃO","NÃO",34,"22/04/1982","","",0,0,"AUTOMOVEL","N","N","Condutor","31 a 35",""
"2016-020242186-001",2016-09-16 12:11:00.000,1,"S",3,"SEM FERIMENTOS","M","NÃO","NÃO",34,"04/03/1982","","",0,0,"AUTOMOVEL","N","N","Condutor","31 a 35",""
"2016-021144602-001",2016-09-27 19:13:00.000,1,"S",3,"SEM FERIMENTOS","M","NÃO","NÃO",34,"14/02/1982","","",0,0,"AUTOMOVEL","N","N","Condutor","31 a 35",""
"2016-021168458-001",2016-09-28 07:58:00.000,1,"S",3,"SEM FERIMENTOS","M","NÃO","NÃO",34,"23/04/1982","","",0,0,"AUTOMOVEL","N","N","Condutor","31 a 35",""
"2016-021219410-001",2016-09-28 17:07:00.000,1,"S",3,"SEM FERIMENTOS","M","NÃO","NÃO",34,"07/02/1982","","",0,0,"AUTOMOVEL","N","N","Condutor","31 a 35",""
"2017-000791128-001",2017-01-11 11:36:00.000,1,"S",3,"SEM FERIMENTOS","M","NÃO","NÃO",34,"04/08/1982","","",0,0,"AUTOMOVEL","N","N","Condutor","31 a 35",""
"2017-000909156-001",2017-01-12 17:37:00.000,1,"S",3,"SEM FERIMENTOS","M","NÃO","NÃO",34,"23/08/1982","","",0,0,"AUTOMOVEL","N","N","Condutor","31 a 35",""
"2016-000234638-001",2016-01-04 20:35:00.000,1,"S",3,"SEM FERIMENTOS","M","NÃO","NÃO",28,"20/09/1987","","",0,0,"AUTOMOVEL","N","N","Condutor","25 a 30",""
"2016-000524237-001",2016-01-08 08:43:00.000,1,"S",3,"SEM FERIMENTOS","M","NÃO","NÃO",28,"11/10/1987","","",0,0,"AUTOMOVEL","N","N","Condutor","25 a 30",""
"2016-000543807-001",2016-01-08 11:47:00.000,1,"S",3,"SEM FERIMENTOS","M","NÃO","NÃO",28,"27/11/1987","","",0,0,"AUTOMOVEL","N","N","Condutor","25 a 30",""
"2016-000612060-001",2016-01-09 10:32:00.000,1,"S",3,"SEM FERIMENTOS","M","NÃO","NÃO",28,"23/11/1987","","",0,0,"AUTOMOVEL","N","N","Condutor","25 a 30",""
"2016-000614121-001",2016-01-09 11:40:00.000,1,"S",3,"SEM FERIMENTOS","M","NÃO","NÃO",28,"24/06/1987","","",0,0,"AUTOMOVEL","N","N","Condutor","25 a 30",""
"2016-000826053-001",2016-01-12 11:00:00.000,1,"S",3,"SEM FERIMENTOS","M","NÃO","NÃO",28,"04/12/1987","","",0,0,"AUTOMOVEL","N","N","Condutor","25 a 30",""
"2016-001302651-002",2016-01-18 18:23:00.000,1,"S",3,"SEM FERIMENTOS","M","NÃO","NÃO",28,"10/05/1987","","",0,0,"AUTOMOVEL","N","N","Condutor","25 a 30",""
"2016-002478741-001",2016-02-02 18:53:00.000,1,"S",3,"SEM FERIMENTOS","M","NÃO","NÃO",28,"07/01/1988","","",0,0,"AUTOMOVEL","N","N","Condutor","25 a 30",""
"2016-002601127-001",2016-02-04 06:57:00.000,1,"S",3,"SEM FERIMENTOS","M","NÃO","NÃO",28,"24/08/1987","","",0,0,"AUTOMOVEL","N","N","Condutor","25 a 30",""
"2016-002843068-001",2016-02-07 01:44:00.000,1,"S",3,"SEM FERIMENTOS","M","NÃO","NÃO",28,"14/08/1987","","",0,0,"AUTOMOVEL","N","N","Condutor","25 a 30",""
"2016-003140578-001",2016-02-11 12:41:00.000,1,"S",3,"SEM FERIMENTOS","M","NÃO","NÃO",28,"18/05/1987","","",0,0,"AUTOMOVEL","N","N","Condutor","25 a 30",""
"2016-003923844-001",2016-02-20 23:11:00.000,1,"S",3,"SEM FERIMENTOS","M","NÃO","NÃO",28,"26/10/1987","","",0,0,"AUTOMOVEL","N","N","Condutor","25 a 30",""
"2016-004088984-001",2016-02-23 07:40:00.000,1,"S",3,"SEM FERIMENTOS","M","NÃO","NÃO",28,"14/04/1987","","",0,0,"AUTOMOVEL","N","N","Condutor","25 a 30",""
"2016-004092378-001",2016-02-23 07:53:00.000,1,"S",3,"SEM FERIMENTOS","M","NÃO","NÃO",28,"06/07/1987","","",0,0,"AUTOMOVEL","N","N","Condutor","25 a 30",""
"2016-004462518-001",2016-02-27 18:49:00.000,1,"S",3,"SEM FERIMENTOS","M","NÃO","NÃO",28,"02/02/1988","","",0,0,"AUTOMOVEL","N","N","Condutor","25 a 30",""
"2016-006130455-001",2016-03-19 15:59:00.000,1,"S",3,"SEM FERIMENTOS","M","NÃO","NÃO",28,"01/09/1987","","",0,0,"AUTOMOVEL","N","N","Condutor","25 a 30",""
"2016-006382664-001",2016-03-22 18:24:00.000,1,"S",3,"SEM FERIMENTOS","M","NÃO","NÃO",28,"29/01/1988","","",0,0,"AUTOMOVEL","N","N","Condutor","25 a 30",""
"2016-006390660-001",2016-03-22 15:05:00.000,1,"S",3,"SEM FERIMENTOS","M","NÃO","NÃO",28,"07/05/1987","","",0,0,"AUTOMOVEL","N","N","Condutor","25 a 30",""
"2016-007673553-001",2016-04-07 22:44:00.000,1,"S",3,"SEM FERIMENTOS","M","NÃO","NÃO",28,"03/08/1987","","",0,0,"AUTOMOVEL","N","N","Condutor","25 a 30",""
"2016-007813945-001",2016-04-09 16:19:00.000,1,"S",3,"SEM FERIMENTOS","M","NÃO","NÃO",28,"14/09/1987","","",0,0,"AUTOMOVEL","N","N","Condutor","25 a 30",""
"2016-007958513-001",2016-04-11 10:28:00.000,1,"S",3,"SEM FERIMENTOS","M","NÃO","NÃO",28,"22/03/1988","","",0,0,"AUTOMOVEL","N","N","Condutor","25 a 30",""
"2016-008063271-001",2016-04-12 18:52:00.000,1,"S",3,"SEM FERIMENTOS","M","NÃO","NÃO",28,"02/05/1987","","",0,0,"AUTOMOVEL","N","N","Condutor","25 a 30",""
"2016-008569907-001",2016-04-19 09:43:00.000,1,"S",3,"SEM FERIMENTOS","M","NÃO","NÃO",28,"30/10/1987","","",0,0,"AUTOMOVEL","N","N","Condutor","25 a 30",""
"2016-009269225-001",2016-04-28 16:06:00.000,1,"S",3,"SEM FERIMENTOS","M","NÃO","NÃO",28,"17/07/1987","","",0,0,"AUTOMOVEL","N","N","Condutor","25 a 30",""
"2016-009339253-001",2016-04-29 15:25:00.000,1,"S",3,"SEM FERIMENTOS","M","NÃO","NÃO",28,"16/06/1987","","",0,0,"AUTOMOVEL","N","N","Condutor","25 a 30",""
"2016-009660113-001",2016-05-03 19:20:00.000,1,"S",3,"SEM FERIMENTOS","M","NÃO","NÃO",28,"06/10/1987","","",0,0,"AUTOMOVEL","N","N","Condutor","25 a 30",""
"2016-009675494-001",2016-05-04 00:11:00.000,1,"S",3,"SEM FERIMENTOS","M","NÃO","NÃO",28,"02/03/1988","","",0,0,"AUTOMOVEL","N","N","Condutor","25 a 30",""
"2016-010033498-001",2016-05-08 16:13:00.000,1,"S",3,"SEM FERIMENTOS","M","NÃO","NÃO",28,"14/10/1987","","",0,0,"AUTOMOVEL","N","N","Condutor","25 a 30",""
"2016-010361059-001",2016-05-12 10:33:00.000,1,"S",3,"SEM FERIMENTOS","M","NÃO","NÃO",28,"24/06/1987","","",0,0,"AUTOMOVEL","N","N","Condutor","25 a 30",""
"2016-010776275-001",2016-05-17 19:19:00.000,1,"S",3,"SEM FERIMENTOS","M","NÃO","NÃO",28,"11/11/1987","","",0,0,"AUTOMOVEL","N","N","Condutor","25 a 30",""
"2016-011070597-001",2016-05-21 15:00:00.000,1,"S",3,"SEM FERIMENTOS","M","NÃO","NÃO",28,"09/10/1987","","",0,0,"AUTOMOVEL","N","N","Condutor","25 a 30",""
"2016-011150733-001",2016-05-22 23:26:00.000,1,"S",3,"SEM FERIMENTOS","M","NÃO","NÃO",28,"13/09/1987","","",0,0,"AUTOMOVEL","N","N","Condutor","25 a 30",""
"2016-011205042-001",2016-05-23 12:56:00.000,1,"S",3,"SEM FERIMENTOS","M","NÃO","NÃO",28,"14/06/1987","","",0,0,"AUTOMOVEL","N","N","Condutor","25 a 30",""
"2016-011232305-001",2016-05-23 16:58:00.000,1,"S",3,"SEM FERIMENTOS","M","NÃO","NÃO",28,"29/07/1987","","",0,0,"AUTOMOVEL","N","N","Condutor","25 a 30",""
"2016-011375090-001",2016-05-25 13:33:00.000,1,"S",3,"SEM FERIMENTOS","M","NÃO","NÃO",28,"26/05/1987","","",0,0,"AUTOMOVEL","N","N","Condutor","25 a 30",""
"2016-011470000-001",2016-05-26 20:29:00.000,1,"S",3,"SEM FERIMENTOS","M","NÃO","NÃO",28,"02/04/1988","","",0,0,"AUTOMOVEL","N","N","Condutor","25 a 30",""
"2016-012195146-001",2016-06-05 23:22:00.000,1,"S",3,"SEM FERIMENTOS","M","NÃO","NÃO",28,"11/09/1987","","",0,0,"AUTOMOVEL","N","N","Condutor","25 a 30",""
"2016-012414002-001",2016-06-08 09:02:00.000,1,"S",3,"SEM FERIMENTOS","M","NÃO","NÃO",28,"13/05/1988","","",0,0,"AUTOMOVEL","N","N","Condutor","25 a 30",""
"2016-012609780-001",2016-06-10 16:52:00.000,1,"S",3,"SEM FERIMENTOS","M","NÃO","NÃO",28,"22/11/1987","","",0,0,"AUTOMOVEL","N","N","Condutor","25 a 30",""
"2016-014686609-001",2016-07-07 16:40:00.000,1,"S",3,"SEM FERIMENTOS","M","NÃO","NÃO",28,"27/06/1988","","",0,0,"AUTOMOVEL","N","N","Condutor","25 a 30",""
"2016-014771689-001",2016-07-08 18:27:00.000,1,"S",3,"SEM FERIMENTOS","M","NÃO","NÃO",28,"15/11/1987","","",0,0,"AUTOMOVEL","N","N","Condutor","25 a 30",""
"2016-015222600-001",2016-07-14 10:54:00.000,1,"S",3,"SEM FERIMENTOS","M","NÃO","NÃO",28,"18/12/1987","","",0,0,"AUTOMOVEL","N","N","Condutor","25 a 30",""
"2016-015618899-001",2016-07-19 17:25:00.000,1,"S",3,"SEM FERIMENTOS","M","NÃO","NÃO",28,"30/10/1987","","",0,0,"AUTOMOVEL","N","N","Condutor","25 a 30",""
"2016-016172887-001",2016-07-26 20:10:00.000,1,"S",3,"SEM FERIMENTOS","M","NÃO","NÃO",28,"07/10/1987","","",0,0,"AUTOMOVEL","N","N","Condutor","25 a 30",""
"2016-016346511-001",2016-07-28 22:52:00.000,1,"S",3,"SEM FERIMENTOS","M","NÃO","NÃO",28,"26/07/1988","","",0,0,"AUTOMOVEL","N","N","Condutor","25 a 30",""
"2016-016955198-001",2016-08-05 17:18:00.000,1,"S",3,"SEM FERIMENTOS","M","NÃO","NÃO",28,"19/03/1988","","",0,0,"AUTOMOVEL","N","N","Condutor","25 a 30",""
"2016-017168033-001",2016-08-08 11:43:00.000,1,"S",3,"SEM FERIMENTOS","M","NÃO","NÃO",28,"27/03/1988","","",0,0,"AUTOMOVEL","N","N","Condutor","25 a 30",""
"2016-017359834-001",2016-08-10 21:54:00.000,1,"S",3,"SEM FERIMENTOS","M","NÃO","NÃO",28,"28/04/1988","","",0,0,"AUTOMOVEL","N","N","Condutor","25 a 30",""
"2016-017362788-001",2016-08-10 21:42:00.000,1,"S",3,"SEM FERIMENTOS","M","NÃO","NÃO",28,"30/05/1988","","",0,0,"AUTOMOVEL","N","N","Condutor","25 a 30",""
"2016-017477479-001",2016-08-12 09:39:00.000,1,"S",3,"SEM FERIMENTOS","M","NÃO","NÃO",28,"13/04/1988","","",0,0,"AUTOMOVEL","N","N","Condutor","25 a 30",""
"2016-018002470-001",2016-08-18 19:31:00.000,1,"S",3,"SEM FERIMENTOS","M","NÃO","NÃO",28,"09/07/1988","","",0,0,"AUTOMOVEL","N","N","Condutor","25 a 30",""
"2016-018199029-001",2016-08-21 23:07:00.000,1,"S",3,"SEM FERIMENTOS","M","NÃO","NÃO",28,"02/09/1987","","",0,0,"AUTOMOVEL","N","N","Condutor","25 a 30",""
"2016-018290955-001",2016-08-22 19:55:00.000,1,"S",3,"SEM FERIMENTOS","M","NÃO","NÃO",28,"21/09/1987","","",0,0,"AUTOMOVEL","N","N","Condutor","25 a 30",""
"2016-018544810-001",2016-08-25 19:14:00.000,1,"S",3,"SEM FERIMENTOS","M","NÃO","NÃO",28,"04/07/1988","","",0,0,"AUTOMOVEL","N","N","Condutor","25 a 30",""
"2016-018678367-001",2016-08-27 15:20:00.000,1,"S",3,"SEM FERIMENTOS","M","NÃO","NÃO",28,"03/05/1988","","",0,0,"AUTOMOVEL","N","N","Condutor","25 a 30",""
"2016-018826649-001",2016-08-29 08:20:00.000,1,"S",3,"SEM FERIMENTOS","M","NÃO","NÃO",28,"29/06/1988","","",0,0,"AUTOMOVEL","N","N","Condutor","25 a 30",""
"2016-018931648-001",2016-08-30 21:22:00.000,1,"S",3,"SEM FERIMENTOS","M","NÃO","NÃO",28,"29/12/1987","","",0,0,"AUTOMOVEL","N","N","Condutor","25 a 30",""
"2016-018943720-001",2016-08-31 07:11:00.000,1,"S",3,"SEM FERIMENTOS","M","NÃO","NÃO",28,"02/11/1987","","",0,0,"AUTOMOVEL","N","N","Condutor","25 a 30",""
"2016-019235034-001",2016-09-03 19:07:00.000,1,"S",3,"SEM FERIMENTOS","M","NÃO","NÃO",28,"07/04/1988","","",0,0,"AUTOMOVEL","N","N","Condutor","25 a 30",""
"2016-019431615-001",2016-09-01 15:40:00.000,1,"S",3,"SEM FERIMENTOS","M","NÃO","NÃO",28,"07/12/1987","","",0,0,"AUTOMOVEL","N","N","Condutor","25 a 30",""
"2016-019491661-001",2016-09-07 00:09:00.000,1,"S",3,"SEM FERIMENTOS","M","NÃO","NÃO",28,"20/05/1988","","",0,0,"AUTOMOVEL","N","N","Condutor","25 a 30",""
"2016-019519175-001",2016-09-07 16:40:00.000,1,"S",3,"SEM FERIMENTOS","M","NÃO","NÃO",28,"26/10/1987","","",0,0,"AUTOMOVEL","N","N","Condutor","25 a 30",""
"2016-019527262-001",2016-09-07 16:55:00.000,1,"S",3,"SEM FERIMENTOS","M","NÃO","NÃO",28,"03/11/1987","","",0,0,"AUTOMOVEL","N","N","Condutor","25 a 30",""
"2016-019889367-001",2016-09-12 13:32:00.000,1,"S",3,"SEM FERIMENTOS","M","NÃO","NÃO",28,"06/03/1988","","",0,0,"AUTOMOVEL","N","N","Condutor","25 a 30",""
"2016-020102990-001",2016-09-14 14:44:00.000,1,"S",3,"SEM FERIMENTOS","M","NÃO","NÃO",28,"24/06/1988","","",0,0,"AUTOMOVEL","N","N","Condutor","25 a 30",""
"2016-020421309-001",2016-09-19 07:19:00.000,1,"S",3,"SEM FERIMENTOS","M","NÃO","NÃO",28,"14/12/1987","","",0,0,"AUTOMOVEL","N","N","Condutor","25 a 30",""
"2016-020722904-001",2016-09-22 14:24:00.000,1,"S",3,"SEM FERIMENTOS","M","NÃO","NÃO",28,"07/06/1988","","",0,0,"AUTOMOVEL","N","N","Condutor","25 a 30",""
"2016-020747648-001",2016-09-22 17:32:00.000,1,"S",3,"SEM FERIMENTOS","M","NÃO","NÃO",28,"28/03/1988","","",0,0,"AUTOMOVEL","N","N","Condutor","25 a 30",""
"2016-020871330-001",2016-09-24 07:07:00.000,1,"S",3,"SEM FERIMENTOS","M","NÃO","NÃO",28,"16/12/1987","","",0,0,"AUTOMOVEL","N","N","Condutor","25 a 30",""
"2016-020879349-001",2016-09-24 12:07:00.000,1,"S",3,"SEM FERIMENTOS","M","NÃO","NÃO",28,"17/11/1987","","",0,0,"AUTOMOVEL","N","N","Condutor","25 a 30",""
"2016-020889582-001",2016-09-24 14:57:00.000,1,"S",3,"SEM FERIMENTOS","M","NÃO","NÃO",28,"31/03/1988","","",0,0,"AUTOMOVEL","N","N","Condutor","25 a 30",""
"2017-000406122-001",2017-01-06 09:19:00.000,1,"S",3,"SEM FERIMENTOS","M","NÃO","NÃO",28,"08/11/1988","","",0,0,"AUTOMOVEL","N","N","Condutor","25 a 30",""
"2017-000876349-001",2017-01-12 08:37:00.000,1,"S",3,"SEM FERIMENTOS","M","NÃO","NÃO",28,"31/03/1988","","",0,0,"AUTOMOVEL","N","N","Condutor","25 a 30",""
"2017-000260495-001",2017-01-04 09:03:00.000,1,"S",3,"SEM FERIMENTOS","M","NÃO","NÃO",28,"14/01/1988","","",0,0,"AUTOMOVEL","N","N","Condutor","25 a 30",""
"2017-000264058-001",2017-01-04 13:07:00.000,1,"S",3,"SEM FERIMENTOS","M","NÃO","NÃO",28,"29/03/1988","","",0,0,"AUTOMOVEL","N","N","Condutor","25 a 30",""
"2016-000071423-001",2016-01-02 12:34:00.000,1,"S",3,"SEM FERIMENTOS","M","NÃO","NÃO",37,"04/02/1978","","",0,0,"AUTOMOVEL","N","N","Condutor","36 a 40",""
"2016-000231675-001",2016-01-04 20:29:00.000,1,"S",3,"SEM FERIMENTOS","M","NÃO","NÃO",37,"05/11/1978","","",0,0,"AUTOMOVEL","N","N","Condutor","36 a 40",""
"2016-000679876-001",2016-01-10 15:32:00.000,1,"S",3,"SEM FERIMENTOS","M","NÃO","NÃO",37,"03/02/1978","","",0,0,"AUTOMOVEL","N","N","Condutor","36 a 40",""
"2016-000704530-001",2016-01-10 21:58:00.000,1,"S",3,"SEM FERIMENTOS","M","NÃO","NÃO",37,"19/03/1978","","",0,0,"AUTOMOVEL","N","N","Condutor","36 a 40",""
"2016-000768816-001",2016-01-11 14:36:00.000,1,"S",3,"SEM FERIMENTOS","M","NÃO","NÃO",37,"02/08/1978","","",0,0,"AUTOMOVEL","N","N","Condutor","36 a 40",""
"2016-001108210-001",2016-01-15 18:12:00.000,1,"S",3,"SEM FERIMENTOS","M","NÃO","NÃO",37,"29/11/1978","","",0,0,"AUTOMOVEL","N","N","Condutor","36 a 40",""
"2016-001127258-001",2016-01-16 05:13:00.000,1,"S",3,"SEM FERIMENTOS","M","NÃO","NÃO",37,"18/11/1978","","",0,0,"AUTOMOVEL","N","N","Condutor","36 a 40",""
"2016-001296624-001",2016-01-18 17:39:00.000,1,"S",3,"SEM FERIMENTOS","M","NÃO","NÃO",37,"30/03/1978","","",0,0,"AUTOMOVEL","N","N","Condutor","36 a 40",""
"2016-001948527-001",2016-01-27 08:29:00.000,1,"S",3,"SEM FERIMENTOS","M","NÃO","NÃO",37,"30/12/1978","","",0,0,"AUTOMOVEL","N","N","Condutor","36 a 40",""
"2016-002258161-001",2016-01-31 01:48:00.000,1,"S",3,"SEM FERIMENTOS","M","NÃO","NÃO",37,"23/06/1978","","",0,0,"AUTOMOVEL","N","N","Condutor","36 a 40",""
"2016-002364531-001",2016-02-01 12:32:00.000,1,"S",3,"SEM FERIMENTOS","M","NÃO","NÃO",37,"05/09/1978","","",0,0,"AUTOMOVEL","N","N","Condutor","36 a 40",""
"2016-003243249-001",2016-02-12 13:11:00.000,1,"S",3,"SEM FERIMENTOS","M","NÃO","NÃO",37,"16/08/1978","","",0,0,"AUTOMOVEL","N","N","Condutor","36 a 40",""
"2016-003588857-001",2016-02-16 18:27:00.000,1,"S",3,"SEM FERIMENTOS","M","NÃO","NÃO",37,"08/11/1978","","",0,0,"AUTOMOVEL","N","N","Condutor","36 a 40",""
"2016-004457647-001",2016-02-27 17:28:00.000,1,"S",3,"SEM FERIMENTOS","M","NÃO","NÃO",37,"17/11/1978","","",0,0,"AUTOMOVEL","N","N","Condutor","36 a 40",""
"2016-004859901-001",2016-03-03 15:28:00.000,1,"S",3,"SEM FERIMENTOS","M","NÃO","NÃO",37,"02/02/1979","","",0,0,"AUTOMOVEL","N","N","Condutor","36 a 40",""
"2016-004965225-001",2016-03-04 18:33:00.000,1,"S",3,"SEM FERIMENTOS","M","NÃO","NÃO",37,"01/09/1978","","",0,0,"AUTOMOVEL","N","N","Condutor","36 a 40",""
"2016-005058461-001",2016-03-06 09:54:00.000,1,"S",3,"SEM FERIMENTOS","M","NÃO","NÃO",37,"11/11/1978","","",0,0,"AUTOMOVEL","N","N","Condutor","36 a 40",""
"2016-005296911-001",2016-03-09 07:57:00.000,1,"S",3,"SEM FERIMENTOS","M","NÃO","NÃO",37,"25/08/1978","","",0,0,"AUTOMOVEL","N","N","Condutor","36 a 40",""
"2016-005317320-001",2016-03-09 10:20:00.000,1,"S",3,"SEM FERIMENTOS","M","NÃO","NÃO",37,"14/07/1978","","",0,0,"AUTOMOVEL","N","N","Condutor","36 a 40",""
"2016-006172848-001",2016-03-20 10:11:00.000,1,"S",3,"SEM FERIMENTOS","M","NÃO","NÃO",37,"01/01/1979","","",0,0,"AUTOMOVEL","N","N","Condutor","36 a 40",""
"2016-006472273-001",2016-03-23 18:28:00.000,1,"S",3,"SEM FERIMENTOS","M","NÃO","NÃO",37,"02/09/1978","","",0,0,"AUTOMOVEL","N","N","Condutor","36 a 40",""
"2016-006472652-001",2016-03-23 16:31:00.000,1,"S",3,"SEM FERIMENTOS","M","NÃO","NÃO",37,"21/11/1978","","",0,0,"AUTOMOVEL","N","N","Condutor","36 a 40",""
"2016-006986883-001",2016-03-30 17:20:00.000,1,"S",3,"SEM FERIMENTOS","M","NÃO","NÃO",37,"12/03/1979","","",0,0,"AUTOMOVEL","N","N","Condutor","36 a 40",""
"2016-008023514-001",2016-04-12 11:50:00.000,1,"S",3,"SEM FERIMENTOS","M","NÃO","NÃO",37,"31/01/1979","","",0,0,"AUTOMOVEL","N","N","Condutor","36 a 40",""
"2016-008150357-001",2016-04-13 19:54:00.000,1,"S",3,"SEM FERIMENTOS","M","NÃO","NÃO",37,"08/07/1978","","",0,0,"AUTOMOVEL","N","N","Condutor","36 a 40",""
"2016-008205650-001",2016-04-14 13:18:00.000,1,"S",3,"SEM FERIMENTOS","M","NÃO","NÃO",37,"29/11/1978","","",0,0,"AUTOMOVEL","N","N","Condutor","36 a 40",""
"2016-008258832-001",2016-04-15 07:19:00.000,1,"S",3,"SEM FERIMENTOS","M","NÃO","NÃO",37,"18/08/1978","","",0,0,"AUTOMOVEL","N","N","Condutor","36 a 40",""
"2016-008298940-001",2016-04-15 14:13:00.000,1,"S",3,"SEM FERIMENTOS","M","NÃO","NÃO",37,"14/01/1979","","",0,0,"AUTOMOVEL","N","N","Condutor","36 a 40",""
"2016-009473317-001",2016-05-01 19:35:00.000,1,"S",3,"SEM FERIMENTOS","M","NÃO","NÃO",37,"16/04/1979","","",0,0,"AUTOMOVEL","N","N","Condutor","36 a 40",""
"2016-009677725-001",2016-05-04 05:34:00.000,1,"S",3,"SEM FERIMENTOS","M","NÃO","NÃO",37,"16/09/1978","","",0,0,"AUTOMOVEL","N","N","Condutor","36 a 40",""
"2016-009749029-001",2016-05-04 17:34:00.000,1,"S",3,"SEM FERIMENTOS","M","NÃO","NÃO",37,"21/12/1978","","",0,0,"AUTOMOVEL","N","N","Condutor","36 a 40",""
"2016-010271149-001",2016-05-11 07:00:00.000,1,"S",3,"SEM FERIMENTOS","M","NÃO","NÃO",37,"12/02/1979","","",0,0,"AUTOMOVEL","N","N","Condutor","36 a 40",""
"2016-010310410-001",2016-05-11 16:10:00.000,1,"S",3,"SEM FERIMENTOS","M","NÃO","NÃO",37,"24/08/1978","","",0,0,"AUTOMOVEL","N","N","Condutor","36 a 40",""
"2016-010624586-001",2016-05-16 07:16:00.000,1,"S",3,"SEM FERIMENTOS","M","NÃO","NÃO",37,"04/08/1978","","",0,0,"AUTOMOVEL","N","N","Condutor","36 a 40",""
"2016-010754102-001",2016-05-17 16:29:00.000,1,"S",3,"SEM FERIMENTOS","M","NÃO","NÃO",37,"05/07/1978","","",0,0,"AUTOMOVEL","N","N","Condutor","36 a 40",""
"2016-010849448-001",2016-05-18 15:49:00.000,1,"S",3,"SEM FERIMENTOS","M","NÃO","NÃO",37,"21/06/1978","","",0,0,"AUTOMOVEL","N","N","Condutor","36 a 40",""
"2016-011309495-001",2016-05-24 17:29:00.000,1,"S",3,"SEM FERIMENTOS","M","NÃO","NÃO",37,"28/12/1978","","",0,0,"AUTOMOVEL","N","N","Condutor","36 a 40",""
"2016-012142095-001",2016-06-04 22:39:00.000,1,"S",3,"SEM FERIMENTOS","M","NÃO","NÃO",37,"16/01/1979","","",0,0,"AUTOMOVEL","N","N","Condutor","36 a 40",""
"2016-012368932-001",2016-06-07 18:57:00.000,1,"S",3,"SEM FERIMENTOS","M","NÃO","NÃO",37,"14/02/1979","","",0,0,"AUTOMOVEL","N","N","Condutor","36 a 40",""
"2016-012371466-001",2016-06-07 18:15:00.000,1,"S",3,"SEM FERIMENTOS","M","NÃO","NÃO",37,"01/07/1978","","",0,0,"AUTOMOVEL","N","N","Condutor","36 a 40",""
"2016-012445843-001",2016-06-08 17:13:00.000,1,"S",3,"SEM FERIMENTOS","M","NÃO","NÃO",37,"08/04/1979","","",0,0,"AUTOMOVEL","N","N","Condutor","36 a 40",""
"2016-012629163-001",2016-06-10 22:15:00.000,1,"S",3,"SEM FERIMENTOS","M","NÃO","NÃO",37,"27/11/1978","","",0,0,"AUTOMOVEL","N","N","Condutor","36 a 40",""
"2016-012843580-001",2016-06-14 08:07:00.000,1,"S",3,"SEM FERIMENTOS","M","NÃO","NÃO",37,"16/11/1978","","",0,0,"AUTOMOVEL","N","N","Condutor","36 a 40",""
"2016-012983340-001",2016-06-15 17:38:00.000,1,"S",3,"SEM FERIMENTOS","M","NÃO","NÃO",37,"12/12/1978","","",0,0,"AUTOMOVEL","N","N","Condutor","36 a 40",""
"2016-013070498-001",2016-06-16 19:43:00.000,1,"S",3,"SEM FERIMENTOS","M","NÃO","NÃO",37,"19/04/1979","","",0,0,"AUTOMOVEL","N","N","Condutor","36 a 40",""
"2016-013292512-001",2016-06-20 09:45:00.000,1,"S",3,"SEM FERIMENTOS","M","NÃO","NÃO",37,"25/10/1978","","",0,0,"AUTOMOVEL","N","N","Condutor","36 a 40",""
"2016-013434039-001",2016-06-21 17:46:00.000,1,"S",3,"SEM FERIMENTOS","M","NÃO","NÃO",37,"15/09/1978","","",0,0,"AUTOMOVEL","N","N","Condutor","36 a 40",""
"2016-014573603-001",2016-08-30 11:15:00.000,1,"S",3,"SEM FERIMENTOS","M","NÃO","NÃO",37,"07/05/1979","","",0,0,"AUTOMOVEL","N","N","Condutor","36 a 40",""
"2016-015357542-001",2016-07-16 08:06:00.000,1,"S",3,"SEM FERIMENTOS","M","NÃO","NÃO",37,"13/07/1979","","",0,0,"AUTOMOVEL","N","N","Condutor","36 a 40",""
"2016-015567660-001",2016-07-19 07:59:00.000,1,"S",3,"SEM FERIMENTOS","M","NÃO","NÃO",37,"03/03/1979","","",0,0,"AUTOMOVEL","N","N","Condutor","36 a 40",""
"2016-015673005-001",2016-07-20 11:08:00.000,1,"S",3,"SEM FERIMENTOS","M","NÃO","NÃO",37,"11/09/1978","","",0,0,"AUTOMOVEL","N","N","Condutor","36 a 40",""
"2016-016454098-001",2016-07-30 09:51:00.000,1,"S",3,"SEM FERIMENTOS","M","NÃO","NÃO",37,"23/04/1979","","",0,0,"AUTOMOVEL","N","N","Condutor","36 a 40",""
"2016-016609450-001",2016-08-01 11:49:00.000,1,"S",3,"SEM FERIMENTOS","M","NÃO","NÃO",37,"24/09/1978","","",0,0,"AUTOMOVEL","N","N","Condutor","36 a 40",""
"2016-016679172-001",2016-08-02 13:42:00.000,1,"S",3,"SEM FERIMENTOS","M","NÃO","NÃO",37,"26/02/1979","","",0,0,"AUTOMOVEL","N","N","Condutor","36 a 40",""
"2016-016961771-001",2016-08-05 17:26:00.000,1,"S",3,"SEM FERIMENTOS","M","NÃO","NÃO",37,"26/10/1978","","",0,0,"AUTOMOVEL","N","N","Condutor","36 a 40",""
"2016-017747679-001",2016-08-16 07:34:00.000,1,"S",3,"SEM FERIMENTOS","M","NÃO","NÃO",37,"17/10/1978","","",0,0,"AUTOMOVEL","N","N","Condutor","36 a 40",""
"2016-017852728-001",2016-08-17 11:20:00.000,1,"S",3,"SEM FERIMENTOS","M","NÃO","NÃO",37,"05/03/1979","","",0,0,"AUTOMOVEL","N","N","Condutor","36 a 40",""
"2016-017897174-001",2016-08-17 16:26:00.000,1,"S",3,"SEM FERIMENTOS","M","NÃO","NÃO",37,"23/07/1979","","",0,0,"AUTOMOVEL","N","N","Condutor","36 a 40",""
"2016-018105400-001",2016-08-20 09:54:00.000,1,"S",3,"SEM FERIMENTOS","M","NÃO","NÃO",37,"17/01/1979","","",0,0,"AUTOMOVEL","N","N","Condutor","36 a 40",""
"2016-018316431-001",2016-08-23 10:53:00.000,1,"S",3,"SEM FERIMENTOS","M","NÃO","NÃO",37,"01/02/1979","","",0,0,"AUTOMOVEL","N","N","Condutor","36 a 40",""
"2016-018917055-001",2016-08-30 15:21:00.000,1,"S",3,"SEM FERIMENTOS","M","NÃO","NÃO",37,"15/01/1979","","",0,0,"AUTOMOVEL","N","N","Condutor","36 a 40",""
"2016-019211953-001",2016-09-03 13:41:00.000,1,"S",3,"SEM FERIMENTOS","M","NÃO","NÃO",37,"19/06/1979","","",0,0,"AUTOMOVEL","N","N","Condutor","36 a 40",""
"2016-020230229-001",2016-09-15 12:32:00.000,1,"S",3,"SEM FERIMENTOS","M","NÃO","NÃO",37,"05/01/1979","","",0,0,"AUTOMOVEL","N","N","Condutor","36 a 40",""
"2016-020311376-001",2016-09-17 10:01:00.000,1,"S",3,"SEM FERIMENTOS","M","NÃO","NÃO",37,"12/11/1978","","",0,0,"AUTOMOVEL","N","N","Condutor","36 a 40",""
"2016-020747529-001",2016-09-22 16:37:00.000,1,"S",3,"SEM FERIMENTOS","M","NÃO","NÃO",37,"26/03/1979","","",0,0,"AUTOMOVEL","N","N","Condutor","36 a 40",""
"2016-021062623-001",2016-09-26 22:19:00.000,1,"S",3,"SEM FERIMENTOS","M","NÃO","NÃO",37,"31/08/1979","","",0,0,"AUTOMOVEL","N","N","Condutor","36 a 40",""
"2016-021064440-001",2016-09-26 22:45:00.000,1,"S",3,"SEM FERIMENTOS","M","NÃO","NÃO",37,"05/01/1979","","",0,0,"AUTOMOVEL","N","N","Condutor","36 a 40",""
"2016-021090358-001",2016-09-27 10:22:00.000,1,"S",3,"SEM FERIMENTOS","M","NÃO","NÃO",37,"01/09/1979","","",0,0,"AUTOMOVEL","N","N","Condutor","36 a 40",""
"2016-028132979-001",2016-11-22 00:00:00.000,1,"S",3,"SEM FERIMENTOS","M","NÃO","NÃO",37,"03/08/1979","","",0,0,"AUTOMOVEL","N","N","Condutor","36 a 40",""
"2017-000580021-001",2017-01-08 21:31:00.000,1,"S",3,"SEM FERIMENTOS","M","NÃO","NÃO",37,"04/11/1979","","",0,0,"AUTOMOVEL","N","N","Condutor","36 a 40",""
"2017-000627512-001",2017-01-09 12:33:00.000,1,"S",3,"SEM FERIMENTOS","M","NÃO","NÃO",37,"04/12/1979","","",0,0,"AUTOMOVEL","N","N","Condutor","36 a 40",""
"2017-000727600-001",2017-01-10 08:44:00.000,1,"S",3,"SEM FERIMENTOS","M","NÃO","NÃO",37,"26/03/1979","","",0,0,"AUTOMOVEL","N","N","Condutor","36 a 40",""
"2017-000773483-001",2017-01-11 07:52:00.000,1,"S",3,"SEM FERIMENTOS","M","NÃO","NÃO",37,"11/12/1979","","",0,0,"AUTOMOVEL","N","N","Condutor","36 a 40",""
"2017-000790740-001",2017-01-11 12:00:00.000,1,"S",3,"SEM FERIMENTOS","M","NÃO","NÃO",37,"20/06/1979","","",0,0,"AUTOMOVEL","N","N","Condutor","36 a 40",""
"2017-000301004-001",2017-01-04 20:25:00.000,1,"S",3,"SEM FERIMENTOS","M","NÃO","NÃO",37,"15/08/1979","","",0,0,"AUTOMOVEL","N","N","Condutor","36 a 40",""
"2016-000320790-001",2016-01-05 20:20:00.000,1,"S",3,"SEM FERIMENTOS","M","NÃO","NÃO",26,"29/04/1989","","",0,0,"AUTOMOVEL","N","N","Condutor","25 a 30",""
"2016-000526788-001",2016-01-08 09:14:00.000,1,"S",3,"SEM FERIMENTOS","M","NÃO","NÃO",26,"16/01/1989","","",0,0,"AUTOMOVEL","N","N","Condutor","25 a 30",""
"2016-000878454-001",2016-01-12 21:49:00.000,1,"S",3,"SEM FERIMENTOS","M","NÃO","NÃO",26,"20/03/1989","","",0,0,"AUTOMOVEL","N","N","Condutor","25 a 30",""
"2016-001231644-001",2016-01-15 12:48:00.000,1,"S",3,"SEM FERIMENTOS","M","NÃO","NÃO",26,"01/03/1989","","",0,0,"AUTOMOVEL","N","N","Condutor","25 a 30",""
"2016-001949600-001",2016-01-27 08:10:00.000,1,"S",3,"SEM FERIMENTOS","M","NÃO","NÃO",26,"06/12/1989","","",0,0,"AUTOMOVEL","N","N","Condutor","25 a 30",""
"2016-002287555-001",2016-01-30 14:30:00.000,1,"S",3,"SEM FERIMENTOS","M","NÃO","NÃO",26,"01/05/1989","","",0,0,"AUTOMOVEL","N","N","Condutor","25 a 30",""
"2016-002464735-001",2016-02-02 15:20:00.000,1,"S",3,"SEM FERIMENTOS","M","NÃO","NÃO",26,"03/10/1989","","",0,0,"AUTOMOVEL","N","N","Condutor","25 a 30",""
"2016-002585267-001",2016-02-03 20:38:00.000,1,"S",3,"SEM FERIMENTOS","M","NÃO","NÃO",26,"29/09/1989","","",0,0,"AUTOMOVEL","N","N","Condutor","25 a 30",""
"2016-002920780-001",2016-02-08 11:19:00.000,1,"S",3,"SEM FERIMENTOS","M","NÃO","NÃO",26,"26/04/1989","","",0,0,"AUTOMOVEL","N","N","Condutor","25 a 30",""
"2016-003034167-001",2016-02-09 23:04:00.000,1,"S",3,"SEM FERIMENTOS","M","NÃO","NÃO",26,"06/10/1989","","",0,0,"AUTOMOVEL","N","N","Condutor","25 a 30",""
"2016-003842411-001",2016-02-19 17:40:00.000,1,"S",3,"SEM FERIMENTOS","M","NÃO","NÃO",26,"27/12/1989","","",0,0,"AUTOMOVEL","N","N","Condutor","25 a 30",""
"2016-004139527-001",2016-02-23 15:06:00.000,1,"S",3,"SEM FERIMENTOS","M","NÃO","NÃO",26,"04/09/1989","","",0,0,"AUTOMOVEL","N","N","Condutor","25 a 30",""
"2016-004168059-001",2016-02-24 06:54:00.000,1,"S",3,"SEM FERIMENTOS","M","NÃO","NÃO",26,"27/09/1989","","",0,0,"AUTOMOVEL","N","N","Condutor","25 a 30",""
"2016-004528522-001",2016-02-28 22:02:00.000,1,"S",3,"SEM FERIMENTOS","M","NÃO","NÃO",26,"16/05/1989","","",0,0,"AUTOMOVEL","N","N","Condutor","25 a 30",""
"2016-004623920-001",2016-02-29 19:36:00.000,1,"S",3,"SEM FERIMENTOS","M","NÃO","NÃO",26,"24/06/1989","","",0,0,"AUTOMOVEL","N","N","Condutor","25 a 30",""
"2016-004951758-001",2016-03-04 16:52:00.000,1,"S",3,"SEM FERIMENTOS","M","NÃO","NÃO",26,"23/08/1989","","",0,0,"AUTOMOVEL","N","N","Condutor","25 a 30",""
"2016-005057727-001",2016-03-06 13:12:00.000,1,"S",3,"SEM FERIMENTOS","M","NÃO","NÃO",26,"16/09/1989","","",0,0,"AUTOMOVEL","N","N","Condutor","25 a 30",""
"2016-005621301-001",2016-03-13 11:45:00.000,1,"S",3,"SEM FERIMENTOS","M","NÃO","NÃO",26,"29/11/1989","","",0,0,"AUTOMOVEL","N","N","Condutor","25 a 30",""
"2016-005724879-001",2016-03-14 15:42:00.000,1,"S",3,"SEM FERIMENTOS","M","NÃO","NÃO",26,"09/05/1989","","",0,0,"AUTOMOVEL","N","N","Condutor","25 a 30",""
"2016-006039999-001",2016-03-18 10:14:00.000,1,"S",3,"SEM FERIMENTOS","M","NÃO","NÃO",26,"06/11/1989","","",0,0,"AUTOMOVEL","N","N","Condutor","25 a 30",""
"2016-006362650-001",2016-03-22 14:01:00.000,1,"S",3,"SEM FERIMENTOS","M","NÃO","NÃO",26,"14/03/1990","","",0,0,"AUTOMOVEL","N","N","Condutor","25 a 30",""
"2016-006599517-001",2016-03-25 18:06:00.000,1,"S",3,"SEM FERIMENTOS","M","NÃO","NÃO",26,"17/07/1989","","",0,0,"AUTOMOVEL","N","N","Condutor","25 a 30",""
"2016-007706780-001",2016-04-08 10:41:00.000,1,"S",3,"SEM FERIMENTOS","M","NÃO","NÃO",26,"06/03/1990","","",0,0,"AUTOMOVEL","N","N","Condutor","25 a 30",""
"2016-008237248-001",2016-04-14 18:54:00.000,1,"S",3,"SEM FERIMENTOS","M","NÃO","NÃO",26,"23/06/1989","","",0,0,"AUTOMOVEL","N","N","Condutor","25 a 30",""
"2016-008325512-001",2016-04-15 21:06:00.000,1,"S",3,"SEM FERIMENTOS","M","NÃO","NÃO",26,"15/06/1989","","",0,0,"AUTOMOVEL","N","N","Condutor","25 a 30",""
"2016-008345385-001",2016-04-16 04:17:00.000,1,"S",3,"SEM FERIMENTOS","M","NÃO","NÃO",26,"26/09/1989","","",0,0,"AUTOMOVEL","N","N","Condutor","25 a 30",""
"2016-008435031-001",2016-04-17 17:50:00.000,1,"S",3,"SEM FERIMENTOS","M","NÃO","NÃO",26,"02/06/1989","","",0,0,"AUTOMOVEL","N","N","Condutor","25 a 30",""
"2016-008462818-001",2016-04-18 07:42:00.000,1,"S",3,"SEM FERIMENTOS","M","NÃO","NÃO",26,"24/08/1989","","",0,0,"AUTOMOVEL","N","N","Condutor","25 a 30",""
"2016-008534560-001",2016-04-18 18:50:00.000,1,"S",3,"SEM FERIMENTOS","M","NÃO","NÃO",26,"09/01/1990","","",0,0,"AUTOMOVEL","N","N","Condutor","25 a 30",""
"2016-008835234-001",2016-04-22 20:36:00.000,1,"S",3,"SEM FERIMENTOS","M","NÃO","NÃO",26,"18/06/1989","","",0,0,"AUTOMOVEL","N","N","Condutor","25 a 30",""
"2016-009023132-001",2016-04-25 08:03:00.000,1,"S",3,"SEM FERIMENTOS","M","NÃO","NÃO",26,"27/03/1990","","",0,0,"AUTOMOVEL","N","N","Condutor","25 a 30",""
"2016-009103006-001",2016-04-26 11:15:00.000,1,"S",3,"SEM FERIMENTOS","M","NÃO","NÃO",26,"13/01/1990","","",0,0,"AUTOMOVEL","N","N","Condutor","25 a 30",""
"2016-009199398-001",2016-04-27 15:30:00.000,1,"S",3,"SEM FERIMENTOS","M","NÃO","NÃO",26,"14/07/1989","","",0,0,"AUTOMOVEL","N","N","Condutor","25 a 30",""
"2016-009243700-001",2016-04-28 10:23:00.000,1,"S",3,"SEM FERIMENTOS","M","NÃO","NÃO",26,"02/03/1990","","",0,0,"AUTOMOVEL","N","N","Condutor","25 a 30",""
"2016-009322910-001",2016-04-29 08:40:00.000,1,"S",3,"SEM FERIMENTOS","M","NÃO","NÃO",26,"22/04/1990","","",0,0,"AUTOMOVEL","N","N","Condutor","25 a 30",""
"2016-009352672-001",2016-04-29 16:36:00.000,1,"S",3,"SEM FERIMENTOS","M","NÃO","NÃO",26,"20/12/1989","","",0,0,"AUTOMOVEL","N","N","Condutor","25 a 30",""
"2016-009453069-001",2016-05-01 12:42:00.000,1,"S",3,"SEM FERIMENTOS","M","NÃO","NÃO",26,"25/02/1990","","",0,0,"AUTOMOVEL","N","N","Condutor","25 a 30",""
"2016-009491886-001",2016-05-02 06:28:00.000,1,"S",3,"SEM FERIMENTOS","M","NÃO","NÃO",26,"20/03/1990","","",0,0,"AUTOMOVEL","N","N","Condutor","25 a 30",""
"2016-009716527-001",2016-05-04 11:12:00.000,1,"S",3,"SEM FERIMENTOS","M","NÃO","NÃO",26,"07/02/1990","","",0,0,"AUTOMOVEL","N","N","Condutor","25 a 30",""
"2016-009875588-001",2016-05-06 09:39:00.000,1,"S",3,"SEM FERIMENTOS","M","NÃO","NÃO",26,"11/06/1989","","",0,0,"AUTOMOVEL","N","N","Condutor","25 a 30",""
"2016-009961490-001",2016-05-07 09:25:00.000,1,"S",3,"SEM FERIMENTOS","M","NÃO","NÃO",26,"05/09/1989","","",0,0,"AUTOMOVEL","N","N","Condutor","25 a 30",""
"2016-009988423-001",2016-05-07 17:04:00.000,1,"S",3,"SEM FERIMENTOS","M","NÃO","NÃO",26,"19/03/1990","","",0,0,"AUTOMOVEL","N","N","Condutor","25 a 30",""
"2016-010580149-001",2016-05-14 21:30:00.000,1,"S",3,"SEM FERIMENTOS","M","NÃO","NÃO",26,"02/10/1989","","",0,0,"AUTOMOVEL","N","N","Condutor","25 a 30",""
"2016-011265766-001",2016-05-24 09:48:00.000,1,"S",3,"SEM FERIMENTOS","M","NÃO","NÃO",26,"12/04/1990","","",0,0,"AUTOMOVEL","N","N","Condutor","25 a 30",""
"2016-011599954-001",2016-05-29 07:04:00.000,1,"S",3,"SEM FERIMENTOS","M","NÃO","NÃO",26,"29/09/1989","","",0,0,"AUTOMOVEL","N","N","Condutor","25 a 30",""
"2016-012093088-001",2016-06-04 00:50:00.000,1,"S",3,"SEM FERIMENTOS","M","NÃO","NÃO",26,"08/01/1990","","",0,0,"AUTOMOVEL","N","N","Condutor","25 a 30",""
"2016-012689021-001",2016-06-11 19:33:00.000,1,"S",3,"SEM FERIMENTOS","M","NÃO","NÃO",26,"03/05/1990","","",0,0,"AUTOMOVEL","N","N","Condutor","25 a 30",""
"2016-013114236-001",2016-06-17 11:37:00.000,1,"S",3,"SEM FERIMENTOS","M","NÃO","NÃO",26,"30/05/1990","","",0,0,"AUTOMOVEL","N","N","Condutor","25 a 30",""
"2016-013124859-001",2016-06-17 13:39:00.000,1,"S",3,"SEM FERIMENTOS","M","NÃO","NÃO",26,"04/12/1989","","",0,0,"AUTOMOVEL","N","N","Condutor","25 a 30",""
"2016-013161662-001",2016-06-17 20:54:00.000,1,"S",3,"SEM FERIMENTOS","M","NÃO","NÃO",26,"01/03/1990","","",0,0,"AUTOMOVEL","N","N","Condutor","25 a 30",""
"2016-013171300-001",2016-06-18 03:31:00.000,1,"S",3,"SEM FERIMENTOS","M","NÃO","NÃO",26,"20/10/1989","","",0,0,"AUTOMOVEL","N","N","Condutor","25 a 30",""
"2016-013214063-001",2016-06-18 21:18:00.000,1,"S",3,"SEM FERIMENTOS","M","NÃO","NÃO",26,"20/08/1989","","",0,0,"AUTOMOVEL","N","N","Condutor","25 a 30",""
"2016-013255778-001",2016-06-19 16:00:00.000,1,"S",3,"SEM FERIMENTOS","M","NÃO","NÃO",26,"13/12/1989","","",0,0,"AUTOMOVEL","N","N","Condutor","25 a 30",""
"2016-013354886-001",2016-06-20 19:16:00.000,1,"S",3,"SEM FERIMENTOS","M","NÃO","NÃO",26,"31/08/1989","","",0,0,"AUTOMOVEL","N","N","Condutor","25 a 30",""
"2016-013385350-001",2016-06-21 09:13:00.000,1,"S",3,"SEM FERIMENTOS","M","NÃO","NÃO",26,"06/10/1989","","",0,0,"AUTOMOVEL","N","N","Condutor","25 a 30",""
"2016-013449052-001",2016-06-21 17:19:00.000,1,"S",3,"SEM FERIMENTOS","M","NÃO","NÃO",26,"10/04/1990","","",0,0,"AUTOMOVEL","N","N","Condutor","25 a 30",""
"2016-014231068-001",2016-07-01 20:26:00.000,1,"S",3,"SEM FERIMENTOS","M","NÃO","NÃO",26,"30/08/1989","","",0,0,"AUTOMOVEL","N","N","Condutor","25 a 30",""
"2016-014261926-001",2016-07-02 12:54:00.000,1,"S",3,"SEM FERIMENTOS","M","NÃO","NÃO",26,"20/06/1990","","",0,0,"AUTOMOVEL","N","N","Condutor","25 a 30",""
"2016-014890534-001",2016-07-10 20:17:00.000,1,"S",3,"SEM FERIMENTOS","M","NÃO","NÃO",26,"01/02/1990","","",0,0,"AUTOMOVEL","N","N","Condutor","25 a 30",""
"2016-015459078-001",2016-07-17 23:36:00.000,1,"S",3,"SEM FERIMENTOS","M","NÃO","NÃO",26,"08/08/1989","","",0,0,"AUTOMOVEL","N","N","Condutor","25 a 30",""
"2016-015685473-001",2016-07-20 14:22:00.000,1,"S",3,"SEM FERIMENTOS","M","NÃO","NÃO",26,"06/06/1990","","",0,0,"AUTOMOVEL","N","N","Condutor","25 a 30",""
"2016-017276365-001",2016-08-09 21:47:00.000,1,"S",3,"SEM FERIMENTOS","M","NÃO","NÃO",26,"16/11/1989","","",0,0,"AUTOMOVEL","N","N","Condutor","25 a 30",""
"2016-017283339-001",2016-08-10 01:58:00.000,1,"S",3,"SEM FERIMENTOS","M","NÃO","NÃO",26,"22/11/1989","","",0,0,"AUTOMOVEL","N","N","Condutor","25 a 30",""
"2016-017575595-001",2016-08-13 16:34:00.000,1,"S",3,"SEM FERIMENTOS","M","NÃO","NÃO",26,"16/08/1989","","",0,0,"AUTOMOVEL","N","N","Condutor","25 a 30",""
"2016-018190134-001",2016-08-21 20:54:00.000,1,"S",3,"SEM FERIMENTOS","M","NÃO","NÃO",26,"16/02/1990","","",0,0,"AUTOMOVEL","N","N","Condutor","25 a 30",""
"2016-019176021-001",2016-09-02 18:16:00.000,1,"S",3,"SEM FERIMENTOS","M","NÃO","NÃO",26,"05/10/1989","","",0,0,"AUTOMOVEL","N","N","Condutor","25 a 30",""
"2016-020298059-001",2016-09-17 02:34:00.000,1,"S",3,"SEM FERIMENTOS","M","NÃO","NÃO",26,"19/06/1990","","",0,0,"AUTOMOVEL","N","N","Condutor","25 a 30",""
"2016-020666284-001",2016-09-21 18:01:00.000,1,"S",3,"SEM FERIMENTOS","M","NÃO","NÃO",26,"11/04/1990","","",0,0,"AUTOMOVEL","N","N","Condutor","25 a 30",""
"2016-020803826-001",2016-09-23 11:46:00.000,1,"S",3,"SEM FERIMENTOS","M","NÃO","NÃO",26,"25/11/1989","","",0,0,"AUTOMOVEL","N","N","Condutor","25 a 30",""
"2016-020835113-001",2016-09-23 13:43:00.000,1,"S",3,"SEM FERIMENTOS","M","NÃO","NÃO",26,"22/07/1990","","",0,0,"AUTOMOVEL","N","N","Condutor","25 a 30",""
"2017-000502660-001",2017-01-07 11:18:00.000,1,"S",3,"SEM FERIMENTOS","M","NÃO","NÃO",26,"14/01/1990","","",0,0,"AUTOMOVEL","N","N","Condutor","25 a 30",""
"2016-000170663-001",2016-01-03 22:30:00.000,1,"S",3,"SEM FERIMENTOS","M","NÃO","NÃO",35,"14/09/1980","","",0,0,"AUTOMOVEL","N","N","Condutor","31 a 35",""
"2016-000275268-001",2016-01-05 10:53:00.000,1,"S",3,"SEM FERIMENTOS","M","NÃO","NÃO",35,"25/12/1980","","",0,0,"AUTOMOVEL","N","N","Condutor","31 a 35",""
"2016-000352742-001",2016-01-06 09:14:00.000,1,"S",3,"SEM FERIMENTOS","M","NÃO","NÃO",35,"18/12/1980","","",0,0,"AUTOMOVEL","N","N","Condutor","31 a 35",""
"2016-000441106-001",2016-01-07 10:24:00.000,1,"S",3,"SEM FERIMENTOS","M","NÃO","NÃO",35,"03/02/1980","","",0,0,"AUTOMOVEL","N","N","Condutor","31 a 35",""
"2016-000492151-001",2016-01-07 18:13:00.000,1,"S",3,"SEM FERIMENTOS","M","NÃO","NÃO",35,"01/08/1980","","",0,0,"AUTOMOVEL","N","N","Condutor","31 a 35",""
"2016-000642614-001",2016-01-09 20:11:00.000,1,"S",3,"SEM FERIMENTOS","M","NÃO","NÃO",35,"15/12/1980","","",0,0,"AUTOMOVEL","N","N","Condutor","31 a 35",""
"2016-001048833-001",2016-01-15 01:01:00.000,1,"S",3,"SEM FERIMENTOS","M","NÃO","NÃO",35,"16/01/1980","","",0,0,"AUTOMOVEL","N","N","Condutor","31 a 35",""
"2016-001219380-001",2016-01-17 22:28:00.000,1,"S",3,"SEM FERIMENTOS","M","NÃO","NÃO",35,"25/02/1980","","",0,0,"AUTOMOVEL","N","N","Condutor","31 a 35",""
"2016-001520396-001",2016-01-21 14:53:00.000,1,"S",3,"SEM FERIMENTOS","M","NÃO","NÃO",35,"07/01/1981","","",0,0,"AUTOMOVEL","N","N","Condutor","31 a 35",""
"2016-001733279-001",2016-01-24 18:15:00.000,1,"S",3,"SEM FERIMENTOS","M","NÃO","NÃO",35,"14/04/1980","","",0,0,"AUTOMOVEL","N","N","Condutor","31 a 35",""
"2016-002470760-001",2016-02-02 15:54:00.000,1,"S",3,"SEM FERIMENTOS","M","NÃO","NÃO",35,"10/01/1971","","",0,0,"AUTOMOVEL","N","N","Condutor","31 a 35",""
"2016-002757219-001",2016-02-05 19:47:00.000,1,"S",3,"SEM FERIMENTOS","M","NÃO","NÃO",35,"29/08/1980","","",0,0,"AUTOMOVEL","N","N","Condutor","31 a 35",""
"2016-004236482-001",2016-02-24 19:11:00.000,1,"S",3,"SEM FERIMENTOS","M","NÃO","NÃO",35,"30/05/1980","","",0,0,"AUTOMOVEL","N","N","Condutor","31 a 35",""
"2016-004515592-001",2016-02-28 17:28:00.000,1,"S",3,"SEM FERIMENTOS","M","NÃO","NÃO",35,"27/05/1980","","",0,0,"AUTOMOVEL","N","N","Condutor","31 a 35",""
"2016-005003602-001",2016-03-05 14:31:00.000,1,"S",3,"SEM FERIMENTOS","M","NÃO","NÃO",35,"15/07/1980","","",0,0,"AUTOMOVEL","N","N","Condutor","31 a 35",""
"2016-005097785-001",2016-03-05 22:00:00.000,1,"S",3,"SEM FERIMENTOS","M","NÃO","NÃO",35,"08/02/1981","","",0,0,"AUTOMOVEL","N","N","Condutor","31 a 35",""
"2016-006094603-002",2016-03-18 20:58:00.000,1,"S",3,"SEM FERIMENTOS","M","NÃO","NÃO",35,"11/11/1980","","",0,0,"AUTOMOVEL","N","N","Condutor","31 a 35",""
"2016-006169907-001",2016-03-20 07:08:00.000,1,"S",3,"SEM FERIMENTOS","M","NÃO","NÃO",35,"05/06/1980","","",0,0,"AUTOMOVEL","N","N","Condutor","31 a 35",""
"2016-006268348-001",2016-03-21 15:05:00.000,1,"S",3,"SEM FERIMENTOS","M","NÃO","NÃO",35,"25/02/1981","","",0,0,"AUTOMOVEL","N","N","Condutor","31 a 35",""
"2016-006422172-001",2016-03-23 08:04:00.000,1,"S",3,"SEM FERIMENTOS","M","NÃO","NÃO",35,"24/05/1980","","",0,0,"AUTOMOVEL","N","N","Condutor","31 a 35",""
"2016-006823523-001",2016-03-28 22:34:00.000,1,"S",3,"SEM FERIMENTOS","M","NÃO","NÃO",35,"15/05/1980","","",0,0,"AUTOMOVEL","N","N","Condutor","31 a 35",""
"2016-007420666-001",2016-04-05 07:10:00.000,1,"S",3,"SEM FERIMENTOS","M","NÃO","NÃO",35,"26/07/1980","","",0,0,"AUTOMOVEL","N","N","Condutor","31 a 35",""
"2016-007815957-001",2016-04-09 19:04:00.000,1,"S",3,"SEM FERIMENTOS","M","NÃO","NÃO",35,"01/01/1981","","",0,0,"AUTOMOVEL","N","N","Condutor","31 a 35",""
"2016-007971581-001",2016-04-10 17:28:00.000,1,"S",3,"SEM FERIMENTOS","M","NÃO","NÃO",35,"07/05/1980","","",0,0,"AUTOMOVEL","N","N","Condutor","31 a 35",""
"2016-008459071-001",2016-04-18 08:17:00.000,1,"S",3,"SEM FERIMENTOS","M","NÃO","NÃO",35,"29/10/1980","","",0,0,"AUTOMOVEL","N","N","Condutor","31 a 35",""
"2016-009199162-001",2016-04-27 15:45:00.000,1,"S",3,"SEM FERIMENTOS","M","NÃO","NÃO",35,"30/10/1980","","",0,0,"AUTOMOVEL","N","N","Condutor","31 a 35",""
"2016-009232712-001",2016-04-28 07:30:00.000,1,"S",3,"SEM FERIMENTOS","M","NÃO","NÃO",35,"01/02/1981","","",0,0,"AUTOMOVEL","N","N","Condutor","31 a 35",""
"2016-009594804-001",2016-05-03 09:30:00.000,1,"S",3,"SEM FERIMENTOS","M","NÃO","NÃO",35,"25/06/1980","","",0,0,"AUTOMOVEL","N","N","Condutor","31 a 35",""
"2016-009827460-001",2016-05-05 17:11:00.000,1,"S",3,"SEM FERIMENTOS","M","NÃO","NÃO",35,"15/12/1980","","",0,0,"AUTOMOVEL","N","N","Condutor","31 a 35",""
"2016-010227201-001",2016-05-10 14:54:00.000,1,"S",3,"SEM FERIMENTOS","M","NÃO","NÃO",35,"26/04/1981","","",0,0,"AUTOMOVEL","N","N","Condutor","31 a 35",""
"2016-010539471-001",2016-05-14 19:42:00.000,1,"S",3,"SEM FERIMENTOS","M","NÃO","NÃO",35,"25/02/1981","","",0,0,"AUTOMOVEL","N","N","Condutor","31 a 35",""
"2016-010852911-001",2016-05-18 17:35:00.000,1,"S",3,"SEM FERIMENTOS","M","NÃO","NÃO",35,"31/07/1980","","",0,0,"AUTOMOVEL","N","N","Condutor","31 a 35",""
"2016-011273459-001",2016-05-24 07:03:00.000,1,"S",3,"SEM FERIMENTOS","M","NÃO","NÃO",35,"18/08/1980","","",0,0,"AUTOMOVEL","N","N","Condutor","31 a 35",""
"2016-011781338-001",2016-05-31 10:45:00.000,1,"S",3,"SEM FERIMENTOS","M","NÃO","NÃO",35,"16/02/1981","","",0,0,"AUTOMOVEL","N","N","Condutor","31 a 35",""
"2016-011985577-001",2016-06-02 17:07:00.000,1,"S",3,"SEM FERIMENTOS","M","NÃO","NÃO",35,"27/02/1981","","",0,0,"AUTOMOVEL","N","N","Condutor","31 a 35",""
"2016-012125919-001",2016-06-04 16:22:00.000,1,"S",3,"SEM FERIMENTOS","M","NÃO","NÃO",35,"08/05/1981","","",0,0,"AUTOMOVEL","N","N","Condutor","31 a 35",""
"2016-012138513-001",2016-06-04 21:24:00.000,1,"S",3,"SEM FERIMENTOS","M","NÃO","NÃO",35,"04/09/1980","","",0,0,"AUTOMOVEL","N","N","Condutor","31 a 35",""
"2016-012276384-001",2016-06-06 18:03:00.000,1,"S",3,"SEM FERIMENTOS","M","NÃO","NÃO",35,"29/03/1981","","",0,0,"AUTOMOVEL","N","N","Condutor","31 a 35",""
"2016-012365497-001",2016-06-07 15:18:00.000,1,"S",3,"SEM FERIMENTOS","M","NÃO","NÃO",35,"04/11/1980","","",0,0,"AUTOMOVEL","N","N","Condutor","31 a 35",""
"2016-012575034-001",2016-06-10 11:08:00.000,1,"S",3,"SEM FERIMENTOS","M","NÃO","NÃO",35,"24/11/1980","","",0,0,"AUTOMOVEL","N","N","Condutor","31 a 35",""
"2016-013289311-001",2016-06-20 07:51:00.000,1,"S",3,"SEM FERIMENTOS","M","NÃO","NÃO",35,"05/09/1980","","",0,0,"AUTOMOVEL","N","N","Condutor","31 a 35",""
"2016-013483659-001",2016-06-21 17:40:00.000,1,"S",3,"SEM FERIMENTOS","M","NÃO","NÃO",35,"25/12/1980","","",0,0,"AUTOMOVEL","N","N","Condutor","31 a 35",""
"2016-013889558-001",2016-06-27 22:54:00.000,1,"S",3,"SEM FERIMENTOS","M","NÃO","NÃO",35,"24/10/1980","","",0,0,"AUTOMOVEL","N","N","Condutor","31 a 35",""
"2016-013983362-001",2016-06-29 07:46:00.000,1,"S",3,"SEM FERIMENTOS","M","NÃO","NÃO",35,"30/03/1981","","",0,0,"AUTOMOVEL","N","N","Condutor","31 a 35",""
"2016-014116364-001",2016-06-30 14:48:00.000,1,"S",3,"SEM FERIMENTOS","M","NÃO","NÃO",35,"12/08/1980","","",0,0,"AUTOMOVEL","N","N","Condutor","31 a 35",""
"2016-014584055-001",2016-07-06 14:49:00.000,1,"S",3,"SEM FERIMENTOS","M","NÃO","NÃO",35,"07/05/1981","","",0,0,"AUTOMOVEL","N","N","Condutor","31 a 35",""
"2016-014839138-001",2016-07-09 19:11:00.000,1,"S",3,"SEM FERIMENTOS","M","NÃO","NÃO",35,"11/01/1981","","",0,0,"AUTOMOVEL","N","N","Condutor","31 a 35",""
"2016-015395019-001",2016-07-16 18:10:00.000,1,"S",3,"SEM FERIMENTOS","M","NÃO","NÃO",35,"21/10/1980","","",0,0,"AUTOMOVEL","N","N","Condutor","31 a 35",""
"2016-015683277-001",2016-07-20 15:16:00.000,1,"S",3,"SEM FERIMENTOS","M","NÃO","NÃO",35,"07/07/1981","","",0,0,"AUTOMOVEL","N","N","Condutor","31 a 35",""
"2016-015706245-001",2016-07-20 18:46:00.000,1,"S",3,"SEM FERIMENTOS","M","NÃO","NÃO",35,"13/03/1981","","",0,0,"AUTOMOVEL","N","N","Condutor","31 a 35",""
"2016-015795280-001",2016-07-21 20:38:00.000,1,"S",3,"SEM FERIMENTOS","M","NÃO","NÃO",35,"26/10/1980","","",0,0,"AUTOMOVEL","N","N","Condutor","31 a 35",""
"2016-016072592-001",2016-07-25 19:10:00.000,1,"S",3,"SEM FERIMENTOS","M","NÃO","NÃO",35,"11/08/1980","","",0,0,"AUTOMOVEL","N","N","Condutor","31 a 35",""
"2016-016322315-001",2016-07-28 17:16:00.000,1,"S",3,"SEM FERIMENTOS","M","NÃO","NÃO",35,"23/07/1981","","",0,0,"AUTOMOVEL","N","N","Condutor","31 a 35",""
"2016-016983299-001",2016-08-05 22:27:00.000,1,"S",3,"SEM FERIMENTOS","M","NÃO","NÃO",35,"09/05/1981","","",0,0,"AUTOMOVEL","N","N","Condutor","31 a 35",""
"2016-017039850-001",2016-08-06 22:26:00.000,1,"S",3,"SEM FERIMENTOS","M","NÃO","NÃO",35,"25/10/1980","","",0,0,"AUTOMOVEL","N","N","Condutor","31 a 35",""
"2016-017228185-001",2016-08-09 13:58:00.000,1,"S",3,"SEM FERIMENTOS","M","NÃO","NÃO",35,"09/01/1981","","",0,0,"AUTOMOVEL","N","N","Condutor","31 a 35",""
"2016-017919934-001",2016-08-18 07:53:00.000,1,"S",3,"SEM FERIMENTOS","M","NÃO","NÃO",35,"05/11/1980","","",0,0,"AUTOMOVEL","N","N","Condutor","31 a 35",""
"2016-018213563-001",2016-08-19 11:00:00.000,1,"S",3,"SEM FERIMENTOS","M","NÃO","NÃO",35,"30/03/1981","","",0,0,"AUTOMOVEL","N","N","Condutor","31 a 35",""
"2016-018585531-001",2016-08-26 11:46:00.000,1,"S",3,"SEM FERIMENTOS","M","NÃO","NÃO",35,"03/04/1981","","",0,0,"AUTOMOVEL","N","N","Condutor","31 a 35",""
"2016-019050594-001",2016-09-01 10:55:00.000,1,"S",3,"SEM FERIMENTOS","M","NÃO","NÃO",35,"19/08/1981","","",0,0,"AUTOMOVEL","N","N","Condutor","31 a 35",""
"2016-019624657-001",2016-09-08 19:44:00.000,1,"S",3,"SEM FERIMENTOS","M","NÃO","NÃO",35,"01/10/1980","","",0,0,"AUTOMOVEL","N","N","Condutor","31 a 35",""
"2016-019651857-001",2016-09-09 07:10:00.000,1,"S",3,"SEM FERIMENTOS","M","NÃO","NÃO",35,"28/11/1980","","",0,0,"AUTOMOVEL","N","N","Condutor","31 a 35",""
"2016-019761322-001",2016-09-10 14:00:00.000,1,"S",3,"SEM FERIMENTOS","M","NÃO","NÃO",35,"28/10/1980","","",0,0,"AUTOMOVEL","N","N","Condutor","31 a 35",""
"2016-020032582-001",2016-09-13 22:30:00.000,1,"S",3,"SEM FERIMENTOS","M","NÃO","NÃO",35,"29/07/1981","","",0,0,"AUTOMOVEL","N","N","Condutor","31 a 35",""
"2016-020231490-001",2016-09-16 07:46:00.000,1,"S",3,"SEM FERIMENTOS","M","NÃO","NÃO",35,"06/12/1980","","",0,0,"AUTOMOVEL","N","N","Condutor","31 a 35",""
"2016-020508936-001",2016-09-20 02:58:00.000,1,"S",3,"SEM FERIMENTOS","M","NÃO","NÃO",35,"30/06/1981","","",0,0,"AUTOMOVEL","N","N","Condutor","31 a 35",""
"2016-020902646-001",2016-09-24 18:55:00.000,1,"S",3,"SEM FERIMENTOS","M","NÃO","NÃO",35,"25/01/1981","","",0,0,"AUTOMOVEL","N","N","Condutor","31 a 35",""
"2017-000502406-001",2017-01-07 11:19:00.000,1,"S",3,"SEM FERIMENTOS","M","NÃO","NÃO",35,"08/04/1981","","",0,0,"AUTOMOVEL","N","N","Condutor","31 a 35",""
"2017-000872472-001",2017-01-12 08:50:00.000,1,"S",3,"SEM FERIMENTOS","M","NÃO","NÃO",35,"23/09/1981","","",0,0,"AUTOMOVEL","N","N","Condutor","31 a 35",""
"2016-000228132-001",2016-01-04 19:26:00.000,1,"S",3,"SEM FERIMENTOS","M","NÃO","NÃO",33,"23/02/1982","","",0,0,"AUTOMOVEL","N","N","Condutor","31 a 35",""
"2016-001037413-001",2016-01-14 18:50:00.000,1,"S",3,"SEM FERIMENTOS","M","NÃO","NÃO",33,"18/06/1982","","",0,0,"AUTOMOVEL","N","N","Condutor","31 a 35",""
"2016-001547267-001",2016-01-21 19:04:00.000,1,"S",3,"SEM FERIMENTOS","M","NÃO","NÃO",33,"18/04/1982","","",0,0,"AUTOMOVEL","N","N","Condutor","31 a 35",""
"2016-001637528-001",2016-01-22 22:44:00.000,1,"S",3,"SEM FERIMENTOS","M","NÃO","NÃO",33,"18/11/1982","","",0,0,"AUTOMOVEL","N","N","Condutor","31 a 35",""
"2016-002267134-001",2016-01-31 07:57:00.000,1,"S",3,"SEM FERIMENTOS","M","NÃO","NÃO",33,"08/07/1982","","",0,0,"AUTOMOVEL","N","N","Condutor","31 a 35",""
"2016-003042869-001",2016-02-10 06:25:00.000,1,"S",3,"SEM FERIMENTOS","M","NÃO","NÃO",33,"17/06/1982","","",0,0,"AUTOMOVEL","N","N","Condutor","31 a 35",""
"2016-003228084-001",2016-02-12 07:34:00.000,1,"S",3,"SEM FERIMENTOS","M","NÃO","NÃO",33,"25/09/1982","","",0,0,"AUTOMOVEL","N","N","Condutor","31 a 35",""
"2016-003538442-001",2016-02-16 12:08:00.000,1,"S",3,"SEM FERIMENTOS","M","NÃO","NÃO",33,"30/08/1982","","",0,0,"AUTOMOVEL","N","N","Condutor","31 a 35",""
"2016-003760172-001",2016-02-18 17:36:00.000,1,"S",3,"SEM FERIMENTOS","M","NÃO","NÃO",33,"09/08/1982","","",0,0,"AUTOMOVEL","N","N","Condutor","31 a 35",""
"2016-004132710-001",2016-02-23 15:20:00.000,1,"S",3,"SEM FERIMENTOS","M","NÃO","NÃO",33,"19/08/1982","","",0,0,"AUTOMOVEL","N","N","Condutor","31 a 35",""
"2016-004207390-001",2016-02-24 13:44:00.000,1,"S",3,"SEM FERIMENTOS","M","NÃO","NÃO",33,"14/04/1982","","",0,0,"AUTOMOVEL","N","N","Condutor","31 a 35",""
"2016-004225088-001",2016-02-24 16:48:00.000,1,"S",3,"SEM FERIMENTOS","M","NÃO","NÃO",33,"15/11/1982","","",0,0,"AUTOMOVEL","N","N","Condutor","31 a 35",""
"2016-004335970-001",2016-02-26 06:07:00.000,1,"S",3,"SEM FERIMENTOS","M","NÃO","NÃO",33,"07/02/1983","","",0,0,"AUTOMOVEL","N","N","Condutor","31 a 35",""
"2016-004513721-001",2016-02-28 16:28:00.000,1,"S",3,"SEM FERIMENTOS","M","NÃO","NÃO",33,"18/12/1982","","",0,0,"AUTOMOVEL","N","N","Condutor","31 a 35",""
"2016-004960865-001",2016-03-04 16:20:00.000,1,"S",3,"SEM FERIMENTOS","M","NÃO","NÃO",33,"22/06/1982","","",0,0,"AUTOMOVEL","N","N","Condutor","31 a 35",""
"2016-005021294-001",2016-03-05 19:52:00.000,1,"S",3,"SEM FERIMENTOS","M","NÃO","NÃO",33,"22/05/1982","","",0,0,"AUTOMOVEL","N","N","Condutor","31 a 35",""
"2016-005128433-001",2016-03-07 08:43:00.000,1,"S",3,"SEM FERIMENTOS","M","NÃO","NÃO",33,"22/04/1982","","",0,0,"AUTOMOVEL","N","N","Condutor","31 a 35",""
"2016-005199492-001",2016-03-08 07:00:00.000,1,"S",3,"SEM FERIMENTOS","M","NÃO","NÃO",33,"28/10/1982","","",0,0,"AUTOMOVEL","N","N","Condutor","31 a 35",""
"2016-005454729-001",2016-03-10 21:23:00.000,1,"S",3,"SEM FERIMENTOS","M","NÃO","NÃO",33,"23/01/1983","","",0,0,"AUTOMOVEL","N","N","Condutor","31 a 35",""
"2016-006511993-001",2016-03-24 12:57:00.000,1,"S",3,"SEM FERIMENTOS","M","NÃO","NÃO",33,"12/01/1983","","",0,0,"AUTOMOVEL","N","N","Condutor","31 a 35",""
"2016-006710045-001",2016-03-27 18:50:00.000,1,"S",3,"SEM FERIMENTOS","M","NÃO","NÃO",33,"23/09/1982","","",0,0,"AUTOMOVEL","N","N","Condutor","31 a 35",""
"2016-007128033-001",2016-04-01 09:30:00.000,1,"S",3,"SEM FERIMENTOS","M","NÃO","NÃO",33,"06/02/1983","","",0,0,"AUTOMOVEL","N","N","Condutor","31 a 35",""
"2016-007413805-001",2016-04-05 06:47:00.000,1,"S",3,"SEM FERIMENTOS","M","NÃO","NÃO",33,"23/01/1983","","",0,0,"AUTOMOVEL","N","N","Condutor","31 a 35",""
"2016-007658990-001",2016-04-07 20:19:00.000,1,"S",3,"SEM FERIMENTOS","M","NÃO","NÃO",33,"15/05/1982","","",0,0,"AUTOMOVEL","N","N","Condutor","31 a 35",""
"2016-007687899-001",2016-04-08 06:57:00.000,1,"S",3,"SEM FERIMENTOS","M","NÃO","NÃO",33,"17/12/1982","","",0,0,"AUTOMOVEL","N","N","Condutor","31 a 35",""
"2016-007837490-001",2016-04-10 06:12:00.000,1,"S",3,"SEM FERIMENTOS","M","NÃO","NÃO",33,"03/10/1982","","",0,0,"AUTOMOVEL","N","N","Condutor","31 a 35",""
"2016-007972677-001",2016-04-11 13:30:00.000,1,"S",3,"SEM FERIMENTOS","M","NÃO","NÃO",33,"11/12/1982","","",0,0,"AUTOMOVEL","N","N","Condutor","31 a 35",""
"2016-008299698-001",2016-04-15 14:44:00.000,1,"S",3,"SEM FERIMENTOS","M","NÃO","NÃO",33,"25/04/1982","","",0,0,"AUTOMOVEL","N","N","Condutor","31 a 35",""
"2016-008300311-001",2016-04-15 12:16:00.000,1,"S",3,"SEM FERIMENTOS","M","NÃO","NÃO",33,"21/03/1983","","",0,0,"AUTOMOVEL","N","N","Condutor","31 a 35",""
"2016-008433634-001",2016-04-17 17:43:00.000,1,"S",3,"SEM FERIMENTOS","M","NÃO","NÃO",33,"30/08/1982","","",0,0,"AUTOMOVEL","N","N","Condutor","31 a 35",""
"2016-008768266-001",2016-04-21 20:33:00.000,1,"S",3,"SEM FERIMENTOS","M","NÃO","NÃO",33,"03/04/1983","","",0,0,"AUTOMOVEL","N","N","Condutor","31 a 35",""
"2016-008873371-001",2016-04-23 14:19:00.000,1,"S",3,"SEM FERIMENTOS","M","NÃO","NÃO",33,"28/02/1983","","",0,0,"AUTOMOVEL","N","N","Condutor","31 a 35",""
"2016-009064862-001",2016-04-24 10:26:00.000,1,"S",3,"SEM FERIMENTOS","M","NÃO","NÃO",33,"05/10/1982","","",0,0,"AUTOMOVEL","N","N","Condutor","31 a 35",""
"2016-009374068-001",2016-04-30 01:11:00.000,1,"S",3,"SEM FERIMENTOS","M","NÃO","NÃO",33,"15/10/1982","","",0,0,"AUTOMOVEL","N","N","Condutor","31 a 35",""
"2016-009388700-001",2016-04-30 09:55:00.000,1,"S",3,"SEM FERIMENTOS","M","NÃO","NÃO",33,"20/03/1983","","",0,0,"AUTOMOVEL","N","N","Condutor","31 a 35",""
"2016-009396657-001",2016-04-30 13:46:00.000,1,"S",3,"SEM FERIMENTOS","M","NÃO","NÃO",33,"02/08/1982","","",0,0,"AUTOMOVEL","N","N","Condutor","31 a 35",""
"2016-010288330-001",2016-05-11 13:32:00.000,1,"S",3,"SEM FERIMENTOS","M","NÃO","NÃO",33,"04/02/1983","","",0,0,"AUTOMOVEL","N","N","Condutor","31 a 35",""
"2016-011093262-001",2016-05-21 22:39:00.000,1,"S",3,"SEM FERIMENTOS","M","NÃO","NÃO",33,"16/11/1982","","",0,0,"AUTOMOVEL","N","N","Condutor","31 a 35",""
"2016-011916062-001",2016-06-01 19:22:00.000,1,"S",3,"SEM FERIMENTOS","M","NÃO","NÃO",33,"02/07/1982","","",0,0,"AUTOMOVEL","N","N","Condutor","31 a 35",""
"2016-012404518-002",2016-06-08 07:59:00.000,1,"S",3,"SEM FERIMENTOS","M","NÃO","NÃO",33,"03/06/1983","","",0,0,"AUTOMOVEL","N","N","Condutor","31 a 35",""
"2016-012627440-001",2016-06-10 21:37:00.000,1,"S",3,"SEM FERIMENTOS","M","NÃO","NÃO",33,"08/11/1982","","",0,0,"AUTOMOVEL","N","N","Condutor","31 a 35",""
"2016-012655750-001",2016-06-11 12:31:00.000,1,"S",3,"SEM FERIMENTOS","M","NÃO","NÃO",33,"28/06/1982","","",0,0,"AUTOMOVEL","N","N","Condutor","31 a 35",""
"2016-013155470-001",2016-06-17 18:30:00.000,1,"S",3,"SEM FERIMENTOS","M","NÃO","NÃO",33,"21/04/1983","","",0,0,"AUTOMOVEL","N","N","Condutor","31 a 35",""
"2016-013261960-001",2016-06-19 16:12:00.000,1,"S",3,"SEM FERIMENTOS","M","NÃO","NÃO",33,"22/12/1982","","",0,0,"AUTOMOVEL","N","N","Condutor","31 a 35",""
"2016-013342719-001",2016-06-20 14:29:00.000,1,"S",3,"SEM FERIMENTOS","M","NÃO","NÃO",33,"03/09/1982","","",0,0,"AUTOMOVEL","N","N","Condutor","31 a 35",""
"2016-013531241-001",2016-06-23 00:56:00.000,1,"S",3,"SEM FERIMENTOS","M","NÃO","NÃO",33,"21/07/1982","","",0,0,"AUTOMOVEL","N","N","Condutor","31 a 35",""
"2016-013699996-001",2016-06-25 05:10:00.000,1,"S",3,"SEM FERIMENTOS","M","NÃO","NÃO",33,"14/04/1983","","",0,0,"AUTOMOVEL","N","N","Condutor","31 a 35",""
"2016-014321188-001",2016-07-03 15:02:00.000,1,"S",3,"SEM FERIMENTOS","M","NÃO","NÃO",33,"03/09/1982","","",0,0,"AUTOMOVEL","N","N","Condutor","31 a 35",""
"2016-014411897-001",2016-07-04 12:21:00.000,1,"S",3,"SEM FERIMENTOS","M","NÃO","NÃO",33,"07/05/1983","","",0,0,"AUTOMOVEL","N","N","Condutor","31 a 35",""
"2016-015349392-001",2016-07-15 23:54:00.000,1,"S",3,"SEM FERIMENTOS","M","NÃO","NÃO",33,"28/08/1982","","",0,0,"AUTOMOVEL","N","N","Condutor","31 a 35",""
"2016-015735942-001",2016-07-21 08:40:00.000,1,"S",3,"SEM FERIMENTOS","M","NÃO","NÃO",33,"18/07/1983","","",0,0,"AUTOMOVEL","N","N","Condutor","31 a 35",""
"2016-016085507-001",2016-07-25 20:34:00.000,1,"S",3,"SEM FERIMENTOS","M","NÃO","NÃO",33,"07/06/1983","","",0,0,"AUTOMOVEL","N","N","Condutor","31 a 35",""
"2016-016955382-001",2016-08-05 16:10:00.000,1,"S",3,"SEM FERIMENTOS","M","NÃO","NÃO",33,"10/06/1983","","",0,0,"AUTOMOVEL","N","N","Condutor","31 a 35",""
"2016-017450920-001",2016-08-11 21:21:00.000,1,"S",3,"SEM FERIMENTOS","M","NÃO","NÃO",33,"18/07/1983","","",0,0,"AUTOMOVEL","N","N","Condutor","31 a 35",""
"2016-017564097-001",2016-08-13 12:10:00.000,1,"S",3,"SEM FERIMENTOS","M","NÃO","NÃO",33,"05/08/1983","","",0,0,"AUTOMOVEL","N","N","Condutor","31 a 35",""
"2016-018002363-001",2016-08-19 01:04:00.000,1,"S",3,"SEM FERIMENTOS","M","NÃO","NÃO",33,"09/07/1983","","",0,0,"AUTOMOVEL","N","N","Condutor","31 a 35",""
"2016-018139960-001",2016-08-20 21:21:00.000,1,"S",3,"SEM FERIMENTOS","M","NÃO","NÃO",33,"06/11/1982","","",0,0,"AUTOMOVEL","N","N","Condutor","31 a 35",""
"2016-018279040-001",2016-08-22 17:08:00.000,1,"S",3,"SEM FERIMENTOS","M","NÃO","NÃO",33,"14/07/1983","","",0,0,"AUTOMOVEL","N","N","Condutor","31 a 35",""
"2016-018633494-001",2016-08-26 18:56:00.000,1,"S",3,"SEM FERIMENTOS","M","NÃO","NÃO",33,"04/10/1982","","",0,0,"AUTOMOVEL","N","N","Condutor","31 a 35",""
"2016-018938665-001",2016-08-30 22:40:00.000,1,"S",3,"SEM FERIMENTOS","M","NÃO","NÃO",33,"21/01/1983","","",0,0,"AUTOMOVEL","N","N","Condutor","31 a 35",""
"2016-019396103-001",2016-09-05 17:08:00.000,1,"S",3,"SEM FERIMENTOS","M","NÃO","NÃO",33,"06/12/1982","","",0,0,"AUTOMOVEL","N","N","Condutor","31 a 35",""
"2016-019518863-001",2016-09-07 15:02:00.000,1,"S",3,"SEM FERIMENTOS","M","NÃO","NÃO",33,"16/02/1983","","",0,0,"AUTOMOVEL","N","N","Condutor","31 a 35",""
"2016-020318246-001",2016-09-17 13:50:00.000,1,"S",3,"SEM FERIMENTOS","M","NÃO","NÃO",33,"06/10/1982","","",0,0,"AUTOMOVEL","N","N","Condutor","31 a 35",""
"2016-020536920-001",2016-09-20 11:08:00.000,1,"S",3,"SEM FERIMENTOS","M","NÃO","NÃO",33,"05/12/1982","","",0,0,"AUTOMOVEL","N","N","Condutor","31 a 35",""
"2016-020546731-001",2016-09-20 09:20:00.000,1,"S",3,"SEM FERIMENTOS","M","NÃO","NÃO",33,"28/06/1983","","",0,0,"AUTOMOVEL","N","N","Condutor","31 a 35",""
"2017-000461408-001",2017-01-06 18:01:00.000,1,"S",3,"SEM FERIMENTOS","M","NÃO","NÃO",33,"21/08/1983","","",0,0,"AUTOMOVEL","N","N","Condutor","31 a 35",""
"2017-000810496-001",2017-01-11 14:40:00.000,1,"S",3,"SEM FERIMENTOS","M","NÃO","NÃO",33,"23/08/1983","","",0,0,"AUTOMOVEL","N","N","Condutor","31 a 35",""
"2017-000028008-001",2017-01-01 15:44:00.000,1,"S",3,"SEM FERIMENTOS","M","NÃO","NÃO",33,"03/09/1983","","",0,0,"AUTOMOVEL","N","N","Condutor","31 a 35",""
"2016-000534609-001",2016-01-08 03:38:00.000,1,"S",3,"SEM FERIMENTOS","M","NÃO","NÃO",36,"19/05/1979","","",0,0,"AUTOMOVEL","N","N","Condutor","36 a 40",""
"2016-000601897-001",2016-01-09 05:37:00.000,1,"S",3,"SEM FERIMENTOS","M","NÃO","NÃO",36,"08/06/1979","","",0,0,"AUTOMOVEL","N","N","Condutor","36 a 40",""
"2016-000771155-001",2016-01-11 15:00:00.000,1,"S",3,"SEM FERIMENTOS","M","NÃO","NÃO",36,"14/04/1979","","",0,0,"AUTOMOVEL","N","N","Condutor","36 a 40",""
"2016-000867937-001",2016-01-12 13:21:00.000,1,"S",3,"SEM FERIMENTOS","M","NÃO","NÃO",36,"30/09/1979","","",0,0,"AUTOMOVEL","N","N","Condutor","36 a 40",""
"2016-001126331-001",2016-01-16 02:32:00.000,1,"S",3,"SEM FERIMENTOS","M","NÃO","NÃO",36,"04/12/1979","","",0,0,"AUTOMOVEL","N","N","Condutor","36 a 40",""
"2016-001688504-001",2016-01-23 18:53:00.000,1,"S",3,"SEM FERIMENTOS","M","NÃO","NÃO",36,"06/04/1979","","",0,0,"AUTOMOVEL","N","N","Condutor","36 a 40",""
"2016-001832108-001",2016-01-25 19:19:00.000,1,"S",3,"SEM FERIMENTOS","M","NÃO","NÃO",36,"03/11/1979","","",0,0,"AUTOMOVEL","N","N","Condutor","36 a 40",""
"2016-002612324-001",2016-02-04 10:44:00.000,1,"S",3,"SEM FERIMENTOS","M","NÃO","NÃO",36,"06/05/1979","","",0,0,"AUTOMOVEL","N","N","Condutor","36 a 40",""
"2016-002623612-001",2016-02-04 11:15:00.000,1,"S",3,"SEM FERIMENTOS","M","NÃO","NÃO",36,"14/11/1979","","",0,0,"AUTOMOVEL","N","N","Condutor","36 a 40",""
"2016-002846845-001",2016-02-07 04:14:00.000,1,"S",3,"SEM FERIMENTOS","M","NÃO","NÃO",36,"24/11/1979","","",0,0,"AUTOMOVEL","N","N","Condutor","36 a 40",""
"2016-003025100-001",2016-02-09 20:37:00.000,1,"S",3,"SEM FERIMENTOS","M","NÃO","NÃO",36,"19/08/1979","","",0,0,"AUTOMOVEL","N","N","Condutor","36 a 40",""
"2016-003111717-001",2016-02-11 05:39:00.000,1,"S",3,"SEM FERIMENTOS","M","NÃO","NÃO",36,"22/09/1979","","",0,0,"AUTOMOVEL","N","N","Condutor","36 a 40",""
"2016-003397570-001",2016-02-14 21:18:00.000,1,"S",3,"SEM FERIMENTOS","M","NÃO","NÃO",36,"24/09/1979","","",0,0,"AUTOMOVEL","N","N","Condutor","36 a 40",""
"2016-004157529-001",2016-02-23 18:15:00.000,1,"S",3,"SEM FERIMENTOS","M","NÃO","NÃO",36,"29/04/1979","","",0,0,"AUTOMOVEL","N","N","Condutor","36 a 40",""
"2016-004203560-001",2016-02-24 08:54:00.000,1,"S",3,"SEM FERIMENTOS","M","NÃO","NÃO",36,"25/05/1979","","",0,0,"AUTOMOVEL","N","N","Condutor","36 a 40",""
"2016-004438807-001",2016-02-27 11:37:00.000,1,"S",3,"SEM FERIMENTOS","M","NÃO","NÃO",36,"10/05/1979","","",0,0,"AUTOMOVEL","N","N","Condutor","36 a 40",""
"2016-005219545-001",2016-03-08 07:00:00.000,1,"S",3,"SEM FERIMENTOS","M","NÃO","NÃO",36,"04/01/1980","","",0,0,"AUTOMOVEL","N","N","Condutor","36 a 40",""
"2016-005310384-001",2016-03-09 07:38:00.000,1,"S",3,"SEM FERIMENTOS","M","NÃO","NÃO",36,"25/10/1979","","",0,0,"AUTOMOVEL","N","N","Condutor","36 a 40",""
"2016-005433974-001",2016-03-10 15:23:00.000,1,"S",3,"SEM FERIMENTOS","M","NÃO","NÃO",36,"26/11/1979","","",0,0,"AUTOMOVEL","N","N","Condutor","36 a 40",""
"2016-005641895-001",2016-03-13 19:27:00.000,1,"S",3,"SEM FERIMENTOS","M","NÃO","NÃO",36,"06/09/1979","","",0,0,"AUTOMOVEL","N","N","Condutor","36 a 40",""
"2016-006388633-001",2016-03-22 16:32:00.000,1,"S",3,"SEM FERIMENTOS","M","NÃO","NÃO",36,"09/02/1980","","",0,0,"AUTOMOVEL","N","N","Condutor","36 a 40",""
"2016-006898537-001",2016-03-29 16:38:00.000,1,"S",3,"SEM FERIMENTOS","M","NÃO","NÃO",36,"07/05/1979","","",0,0,"AUTOMOVEL","N","N","Condutor","36 a 40",""
"2016-007283631-001",2016-04-03 17:12:00.000,1,"S",3,"SEM FERIMENTOS","M","NÃO","NÃO",36,"20/01/1980","","",0,0,"AUTOMOVEL","N","N","Condutor","36 a 40",""
"2016-007638905-001",2016-04-07 13:40:00.000,1,"S",3,"SEM FERIMENTOS","M","NÃO","NÃO",36,"14/08/1979","","",0,0,"AUTOMOVEL","N","N","Condutor","36 a 40",""
"2016-007681393-001",2016-04-08 07:01:00.000,1,"S",3,"SEM FERIMENTOS","M","NÃO","NÃO",36,"15/07/1979","","",0,0,"AUTOMOVEL","N","N","Condutor","36 a 40",""
"2016-008401717-001",2016-04-17 00:16:00.000,1,"S",3,"SEM FERIMENTOS","M","NÃO","NÃO",36,"22/07/1979","","",0,0,"AUTOMOVEL","N","N","Condutor","36 a 40",""
"2016-008716272-001",2016-04-20 20:47:00.000,1,"S",3,"SEM FERIMENTOS","M","NÃO","NÃO",36,"26/04/1979","","",0,0,"AUTOMOVEL","N","N","Condutor","36 a 40",""
"2016-008940863-001",2016-04-24 18:53:00.000,1,"S",3,"SEM FERIMENTOS","M","NÃO","NÃO",36,"23/02/1980","","",0,0,"AUTOMOVEL","N","N","Condutor","36 a 40",""
"2016-009692266-001",2016-05-04 08:41:00.000,1,"S",3,"SEM FERIMENTOS","M","NÃO","NÃO",36,"22/11/1979","","",0,0,"AUTOMOVEL","N","N","Condutor","36 a 40",""
"2016-010426842-001",2016-05-13 07:27:00.000,1,"S",3,"SEM FERIMENTOS","M","NÃO","NÃO",36,"07/05/1980","","",0,0,"AUTOMOVEL","N","N","Condutor","36 a 40",""
"2016-010462833-001",2016-05-13 11:55:00.000,1,"S",3,"SEM FERIMENTOS","M","NÃO","NÃO",36,"25/02/1980","","",0,0,"AUTOMOVEL","N","N","Condutor","36 a 40",""
"2016-011170487-001",2016-05-23 10:11:00.000,1,"S",3,"SEM FERIMENTOS","M","NÃO","NÃO",36,"28/03/1980","","",0,0,"AUTOMOVEL","N","N","Condutor","36 a 40",""
"2016-011238895-001",2016-05-23 21:11:00.000,1,"S",3,"SEM FERIMENTOS","M","NÃO","NÃO",36,"21/03/1980","","",0,0,"AUTOMOVEL","N","N","Condutor","36 a 40",""
"2016-011243910-001",2016-05-23 21:21:00.000,1,"S",3,"SEM FERIMENTOS","M","NÃO","NÃO",36,"30/11/1979","","",0,0,"AUTOMOVEL","N","N","Condutor","36 a 40",""
"2016-011244197-001",2016-05-23 20:48:00.000,1,"S",3,"SEM FERIMENTOS","M","NÃO","NÃO",36,"11/12/1979","","",0,0,"AUTOMOVEL","N","N","Condutor","36 a 40",""
"2016-011723111-001",2016-05-30 18:23:00.000,1,"S",3,"SEM FERIMENTOS","M","NÃO","NÃO",36,"03/06/1979","","",0,0,"AUTOMOVEL","N","N","Condutor","36 a 40",""
"2016-011844640-001",2016-06-01 09:11:00.000,1,"S",3,"SEM FERIMENTOS","M","NÃO","NÃO",36,"04/03/1980","","",0,0,"AUTOMOVEL","N","N","Condutor","36 a 40",""
"2016-012237020-001",2016-05-19 10:30:00.000,1,"S",3,"SEM FERIMENTOS","M","NÃO","NÃO",36,"05/04/1980","","",0,0,"AUTOMOVEL","N","N","Condutor","36 a 40",""
"2016-012426900-001",2016-06-08 13:06:00.000,1,"S",3,"SEM FERIMENTOS","M","NÃO","NÃO",36,"02/07/1979","","",0,0,"AUTOMOVEL","N","N","Condutor","36 a 40",""
"2016-012465690-001",2016-06-08 22:38:00.000,1,"S",3,"SEM FERIMENTOS","M","NÃO","NÃO",36,"21/05/1980","","",0,0,"AUTOMOVEL","N","N","Condutor","36 a 40",""
"2016-012481364-001",2016-06-09 06:19:00.000,1,"S",3,"SEM FERIMENTOS","M","NÃO","NÃO",36,"01/09/1979","","",0,0,"AUTOMOVEL","N","N","Condutor","36 a 40",""
"2016-012980688-001",2016-06-15 19:30:00.000,1,"S",3,"SEM FERIMENTOS","M","NÃO","NÃO",36,"10/10/1979","","",0,0,"AUTOMOVEL","N","N","Condutor","36 a 40",""
"2016-012986146-001",2016-06-15 20:47:00.000,1,"S",3,"SEM FERIMENTOS","M","NÃO","NÃO",36,"23/06/1979","","",0,0,"AUTOMOVEL","N","N","Condutor","36 a 40",""
"2016-013272280-001",2016-06-19 19:34:00.000,1,"S",3,"SEM FERIMENTOS","M","NÃO","NÃO",36,"22/12/1979","","",0,0,"AUTOMOVEL","N","N","Condutor","36 a 40",""
"2016-013679835-001",2016-06-24 19:17:00.000,1,"S",3,"SEM FERIMENTOS","M","NÃO","NÃO",36,"08/01/1980","","",0,0,"AUTOMOVEL","N","N","Condutor","36 a 40",""
"2016-014010501-001",2016-06-29 11:09:00.000,1,"S",3,"SEM FERIMENTOS","M","NÃO","NÃO",36,"14/11/1979","","",0,0,"AUTOMOVEL","N","N","Condutor","36 a 40",""
"2016-014039908-001",2016-06-29 18:22:00.000,1,"S",3,"SEM FERIMENTOS","M","NÃO","NÃO",36,"12/03/1980","","",0,0,"AUTOMOVEL","N","N","Condutor","36 a 40",""
"2016-014317017-001",2016-07-03 15:20:00.000,1,"S",3,"SEM FERIMENTOS","M","NÃO","NÃO",36,"03/12/1979","","",0,0,"AUTOMOVEL","N","N","Condutor","36 a 40",""
"2016-014348466-001",2016-07-03 16:19:00.000,1,"S",3,"SEM FERIMENTOS","M","NÃO","NÃO",36,"15/07/1979","","",0,0,"AUTOMOVEL","N","N","Condutor","36 a 40",""
"2016-015170395-001",2016-07-12 16:34:00.000,1,"S",3,"SEM FERIMENTOS","M","NÃO","NÃO",36,"24/11/1979","","",0,0,"AUTOMOVEL","N","N","Condutor","36 a 40",""
"2016-015590413-001",2016-07-19 06:46:00.000,1,"S",3,"SEM FERIMENTOS","M","NÃO","NÃO",36,"17/07/1980","","",0,0,"AUTOMOVEL","N","N","Condutor","36 a 40",""
"2016-015844890-001",2016-07-22 14:30:00.000,1,"S",3,"SEM FERIMENTOS","M","NÃO","NÃO",36,"03/11/1979","","",0,0,"AUTOMOVEL","N","N","Condutor","36 a 40",""
"2016-015877348-001",2016-07-22 18:03:00.000,1,"S",3,"SEM FERIMENTOS","M","NÃO","NÃO",36,"15/01/1980","","",0,0,"AUTOMOVEL","N","N","Condutor","36 a 40",""
"2016-016460580-001",2016-07-30 13:57:00.000,1,"S",3,"SEM FERIMENTOS","M","NÃO","NÃO",36,"04/06/1980","","",0,0,"AUTOMOVEL","N","N","Condutor","36 a 40",""
"2016-016574264-001",2016-08-01 12:53:00.000,1,"S",3,"SEM FERIMENTOS","M","NÃO","NÃO",36,"19/09/1979","","",0,0,"AUTOMOVEL","N","N","Condutor","36 a 40",""
"2016-016587291-001",2016-08-01 11:21:00.000,1,"S",3,"SEM FERIMENTOS","M","NÃO","NÃO",36,"19/08/1979","","",0,0,"AUTOMOVEL","N","N","Condutor","36 a 40",""
"2016-016615366-001",2016-08-01 18:34:00.000,1,"S",3,"SEM FERIMENTOS","M","NÃO","NÃO",36,"04/03/1980","","",0,0,"AUTOMOVEL","N","N","Condutor","36 a 40",""
"2016-017085692-001",2016-08-07 18:20:00.000,1,"S",3,"SEM FERIMENTOS","M","NÃO","NÃO",36,"24/08/1979","","",0,0,"AUTOMOVEL","N","N","Condutor","36 a 40",""
"2016-017623410-001",2016-08-14 13:39:00.000,1,"S",3,"SEM FERIMENTOS","M","NÃO","NÃO",36,"30/08/1979","","",0,0,"AUTOMOVEL","N","N","Condutor","36 a 40",""
"2016-018586984-001",2016-08-26 11:50:00.000,1,"S",3,"SEM FERIMENTOS","M","NÃO","NÃO",36,"28/07/1980","","",0,0,"AUTOMOVEL","N","N","Condutor","36 a 40",""
"2016-018661071-001",2016-08-27 07:34:00.000,1,"S",3,"SEM FERIMENTOS","M","NÃO","NÃO",36,"15/07/1980","","",0,0,"AUTOMOVEL","N","N","Condutor","36 a 40",""
"2016-018670176-001",2016-08-27 12:11:00.000,1,"S",3,"SEM FERIMENTOS","M","NÃO","NÃO",36,"17/11/1979","","",0,0,"AUTOMOVEL","N","N","Condutor","36 a 40",""
"2016-019017553-001",2016-08-31 21:40:00.000,1,"S",3,"SEM FERIMENTOS","M","NÃO","NÃO",36,"05/04/1980","","",0,0,"AUTOMOVEL","N","N","Condutor","36 a 40",""
"2016-019164369-001",2016-09-02 16:31:00.000,1,"S",3,"SEM FERIMENTOS","M","NÃO","NÃO",36,"19/04/1980","","",0,0,"AUTOMOVEL","N","N","Condutor","36 a 40",""
"2016-021151827-001",2016-09-27 23:26:00.000,1,"S",3,"SEM FERIMENTOS","M","NÃO","NÃO",36,"01/08/1980","","",0,0,"AUTOMOVEL","N","N","Condutor","36 a 40",""
"2016-028277092-001",2016-12-31 00:00:00.000,1,"S",3,"SEM FERIMENTOS","M","NÃO","NÃO",36,"24/04/1980","","",0,0,"AUTOMOVEL","N","N","Condutor","36 a 40",""
"2017-000913195-001",2017-01-12 18:32:00.000,1,"S",3,"SEM FERIMENTOS","M","NÃO","NÃO",36,"22/10/1980","","",0,0,"AUTOMOVEL","N","N","Condutor","36 a 40",""
"2017-000031224-001",2017-01-01 13:37:00.000,1,"S",3,"SEM FERIMENTOS","M","NÃO","NÃO",36,"20/04/1980","","",0,0,"AUTOMOVEL","N","N","Condutor","36 a 40",""
"2016-000038659-001",2016-01-01 17:23:00.000,1,"S",3,"SEM FERIMENTOS","M","NÃO","NÃO",31,"21/01/1984","","",0,0,"AUTOMOVEL","N","N","Condutor","31 a 35",""
"2016-000050261-001",2016-01-01 20:53:00.000,1,"S",3,"SEM FERIMENTOS","M","NÃO","NÃO",39,"04/07/1976","","",0,0,"AUTOMOVEL","N","N","Condutor","36 a 40",""
"2016-000075603-001",2016-01-02 13:31:00.000,1,"S",3,"SEM FERIMENTOS","M","NÃO","NÃO",44,"19/02/1971","","",0,0,"AUTOMOVEL","N","N","Condutor","41 a 50",""
"2016-000126622-001",2016-01-03 16:08:00.000,1,"S",3,"SEM FERIMENTOS","M","NÃO","NÃO",27,"05/10/1988","","",0,0,"AUTOMOVEL","N","N","Condutor","25 a 30",""
"2016-000129184-001",2016-01-03 15:08:00.000,1,"S",3,"SEM FERIMENTOS","M","NÃO","NÃO",19,"06/04/1996","","",0,0,"AUTOMOVEL","N","N","Condutor","18 a 24",""
"2016-000137215-001",2016-01-03 19:52:00.000,1,"S",3,"SEM FERIMENTOS","M","NÃO","NÃO",51,"21/09/1964","","",0,0,"AUTOMOVEL","N","N","Condutor","51 a 59",""
"2016-000137503-001",2016-01-03 19:16:00.000,1,"S",3,"SEM FERIMENTOS","M","NÃO","NÃO",43,"10/09/1972","","",0,0,"AUTOMOVEL","N","N","Condutor","41 a 50",""
"2016-000149420-001",2016-01-04 01:28:00.000,1,"S",3,"SEM FERIMENTOS","M","NÃO","NÃO",69,"15/10/1946","","",0,0,"AUTOMOVEL","N","N","Condutor","Acima de 60",""
"2016-000153469-001",2016-01-04 07:30:00.000,1,"S",3,"SEM FERIMENTOS","M","NÃO","NÃO",40,"11/03/1975","","",0,0,"AUTOMOVEL","N","N","Condutor","36 a 40",""
"2016-000153534-001",2016-01-04 06:56:00.000,1,"S",3,"SEM FERIMENTOS","M","NÃO","NÃO",53,"05/10/1962","","",0,0,"AUTOMOVEL","N","N","Condutor","51 a 59",""
"2016-000160811-001",2016-01-04 06:25:00.000,1,"S",3,"SEM FERIMENTOS","M","NÃO","NÃO",48,"25/01/1967","","",0,0,"AUTOMOVEL","N","N","Condutor","41 a 50",""
"2016-000180671-001",2016-01-04 09:38:00.000,1,"S",3,"SEM FERIMENTOS","M","NÃO","NÃO",24,"22/12/1991","","",0,0,"AUTOMOVEL","N","N","Condutor","18 a 24",""
"2016-000217104-001",2016-01-04 15:19:00.000,1,"S",3,"SEM FERIMENTOS","M","NÃO","NÃO",23,"05/02/1992","","",0,0,"AUTOMOVEL","N","N","Condutor","18 a 24",""
"2016-000230404-001",2016-01-04 17:02:00.000,1,"S",3,"SEM FERIMENTOS","M","NÃO","NÃO",74,"29/05/1941","","",0,0,"AUTOMOVEL","N","N","Condutor","Acima de 60",""
"2016-000323634-001",2016-01-13 18:17:00.000,1,"S",3,"SEM FERIMENTOS","M","NÃO","NÃO",52,"17/06/1963","","",0,0,"AUTOMOVEL","N","N","Condutor","51 a 59",""
"2016-000324682-001",2016-01-05 20:08:00.000,1,"S",3,"SEM FERIMENTOS","M","NÃO","NÃO",19,"21/05/1996","","",0,0,"AUTOMOVEL","N","N","Condutor","18 a 24",""
"2016-000325057-001",2016-01-05 19:02:00.000,1,"S",3,"SEM FERIMENTOS","M","NÃO","NÃO",30,"05/07/1985","","",0,0,"AUTOMOVEL","N","N","Condutor","25 a 30",""
"2016-000330978-001",2016-01-05 18:33:00.000,1,"S",3,"SEM FERIMENTOS","M","NÃO","NÃO",27,"16/03/1988","","",0,0,"AUTOMOVEL","N","N","Condutor","25 a 30",""
"2016-000339797-001",2016-01-06 05:19:00.000,1,"S",3,"SEM FERIMENTOS","M","NÃO","NÃO",31,"20/01/1984","","",0,0,"AUTOMOVEL","N","N","Condutor","31 a 35",""
"2016-000346093-001",2016-01-06 08:57:00.000,1,"S",3,"SEM FERIMENTOS","M","NÃO","NÃO",38,"21/11/1977","","",0,0,"AUTOMOVEL","N","N","Condutor","36 a 40",""
"2016-000380241-001",2016-01-06 12:01:00.000,1,"S",3,"SEM FERIMENTOS","M","NÃO","NÃO",24,"12/03/1991","","",0,0,"AUTOMOVEL","N","N","Condutor","18 a 24",""
"2016-000396924-001",2016-01-06 16:17:00.000,1,"S",3,"SEM FERIMENTOS","M","NÃO","NÃO",46,"24/08/1969","","",0,0,"AUTOMOVEL","N","N","Condutor","41 a 50",""
"2016-000402111-001",2016-01-06 16:38:00.000,1,"S",3,"SEM FERIMENTOS","M","NÃO","NÃO",56,"07/09/1959","","",0,0,"AUTOMOVEL","N","N","Condutor","51 a 59",""
"2016-000404963-001",2016-01-06 18:14:00.000,1,"S",3,"SEM FERIMENTOS","M","NÃO","NÃO",40,"08/04/1975","","",0,0,"AUTOMOVEL","N","N","Condutor","36 a 40",""
"2016-000409609-001",2016-01-06 18:27:00.000,1,"S",3,"SEM FERIMENTOS","M","NÃO","NÃO",47,"09/07/1968","","",0,0,"AUTOMOVEL","N","N","Condutor","41 a 50",""
"2016-000414878-001",2016-01-06 14:13:00.000,1,"S",3,"SEM FERIMENTOS","M","NÃO","NÃO",21,"12/07/1994","","",0,0,"AUTOMOVEL","N","N","Condutor","18 a 24",""
"2016-000418550-001",2016-01-06 21:03:00.000,1,"S",3,"SEM FERIMENTOS","M","NÃO","NÃO",43,"02/10/1972","","",0,0,"AUTOMOVEL","N","N","Condutor","41 a 50",""
"2016-000425395-001",2016-01-06 22:50:00.000,1,"S",3,"SEM FERIMENTOS","M","NÃO","NÃO",25,"16/03/1990","","",0,0,"AUTOMOVEL","N","N","Condutor","25 a 30",""
"2016-000461016-001",2016-01-07 12:45:00.000,1,"S",3,"SEM FERIMENTOS","M","NÃO","NÃO",61,"22/01/1954","","",0,0,"AUTOMOVEL","N","N","Condutor","Acima de 60",""
"2016-000463106-001",2016-01-06 14:34:00.000,1,"S",3,"SEM FERIMENTOS","M","NÃO","NÃO",38,"07/09/1977","","",0,0,"AUTOMOVEL","N","N","Condutor","36 a 40",""
"2016-000466623-001",2016-01-07 13:59:00.000,1,"S",3,"SEM FERIMENTOS","M","NÃO","NÃO",49,"29/06/1966","","",0,0,"AUTOMOVEL","N","N","Condutor","41 a 50",""
"2016-000482498-001",2016-01-07 15:52:00.000,1,"S",3,"SEM FERIMENTOS","M","NÃO","NÃO",40,"17/05/1975","","",0,0,"AUTOMOVEL","N","N","Condutor","36 a 40",""
"2016-000491655-001",2016-01-07 16:07:00.000,1,"S",3,"SEM FERIMENTOS","M","NÃO","NÃO",20,"02/05/1995","","",0,0,"AUTOMOVEL","N","N","Condutor","18 a 24",""
"2016-000504330-001",2016-01-07 19:27:00.000,1,"S",3,"SEM FERIMENTOS","M","NÃO","NÃO",54,"07/09/1961","","",0,0,"AUTOMOVEL","N","N","Condutor","51 a 59",""
"2016-000509765-001",2016-01-07 23:30:00.000,1,"S",3,"SEM FERIMENTOS","M","NÃO","NÃO",18,"04/06/1997","","",0,0,"AUTOMOVEL","N","N","Condutor","18 a 24",""
"2016-000539276-001",2016-01-11 12:25:00.000,1,"S",3,"SEM FERIMENTOS","M","NÃO","NÃO",52,"27/12/1963","","",0,0,"AUTOMOVEL","N","N","Condutor","51 a 59",""
"2016-000540515-001",2016-01-08 10:43:00.000,1,"S",3,"SEM FERIMENTOS","M","NÃO","NÃO",27,"09/11/1988","","",0,0,"AUTOMOVEL","N","N","Condutor","25 a 30",""
"2016-000576064-001",2016-01-08 18:20:00.000,1,"S",3,"SEM FERIMENTOS","M","NÃO","NÃO",60,"31/08/1955","","",0,0,"AUTOMOVEL","N","N","Condutor","Acima de 60",""
"2016-000590707-001",2016-01-08 23:20:00.000,1,"S",3,"SEM FERIMENTOS","M","NÃO","NÃO",27,"22/08/1988","","",0,0,"AUTOMOVEL","N","N","Condutor","25 a 30",""
"2016-000624731-001",2016-01-09 13:30:00.000,1,"S",3,"SEM FERIMENTOS","M","NÃO","NÃO",40,"04/01/1976","","",0,0,"AUTOMOVEL","N","N","Condutor","36 a 40",""
"2016-000633758-001",2016-01-09 18:47:00.000,1,"S",3,"SEM FERIMENTOS","M","NÃO","NÃO",29,"21/11/1986","","",0,0,"AUTOMOVEL","N","N","Condutor","25 a 30",""
"2016-000638083-001",2016-01-09 19:12:00.000,1,"S",3,"SEM FERIMENTOS","M","NÃO","NÃO",40,"26/11/1975","","",0,0,"AUTOMOVEL","N","N","Condutor","36 a 40",""
"2016-000642880-001",2016-01-09 21:21:00.000,1,"S",3,"SEM FERIMENTOS","M","NÃO","NÃO",45,"02/12/1970","","",0,0,"AUTOMOVEL","N","N","Condutor","41 a 50",""
"2016-000677773-001",2016-01-10 10:46:00.000,1,"S",3,"SEM FERIMENTOS","M","NÃO","NÃO",39,"20/06/1976","","",0,0,"AUTOMOVEL","N","N","Condutor","36 a 40",""
"2016-000678843-001",2016-01-09 14:00:00.000,1,"S",3,"SEM FERIMENTOS","M","NÃO","NÃO",39,"23/07/1976","","",0,0,"AUTOMOVEL","N","N","Condutor","36 a 40",""
"2016-000689408-001",2016-01-10 16:08:00.000,1,"S",3,"SEM FERIMENTOS","M","NÃO","NÃO",64,"06/01/1952","","",0,0,"AUTOMOVEL","N","N","Condutor","Acima de 60",""
"2016-000690469-001",2016-01-10 16:15:00.000,1,"S",3,"SEM FERIMENTOS","M","NÃO","NÃO",67,"12/04/1948","","",0,0,"AUTOMOVEL","N","N","Condutor","Acima de 60",""
"2016-000704583-001",2016-01-10 22:17:00.000,1,"S",3,"SEM FERIMENTOS","M","NÃO","NÃO",27,"17/11/1988","","",0,0,"AUTOMOVEL","N","N","Condutor","25 a 30",""
"2016-000713270-001",2016-01-11 07:07:00.000,1,"S",3,"SEM FERIMENTOS","M","NÃO","NÃO",41,"02/02/1974","","",0,0,"AUTOMOVEL","N","N","Condutor","41 a 50",""
"2016-000730042-001",2016-01-11 09:15:00.000,1,"S",3,"SEM FERIMENTOS","M","NÃO","NÃO",44,"10/07/1971","","",0,0,"AUTOMOVEL","N","N","Condutor","41 a 50",""
"2016-000737906-001",2016-01-11 06:27:00.000,1,"S",3,"SEM FERIMENTOS","M","NÃO","NÃO",43,"24/07/1972","","",0,0,"AUTOMOVEL","N","N","Condutor","41 a 50",""
"2016-000740900-001",2016-01-11 09:39:00.000,1,"S",3,"SEM FERIMENTOS","M","NÃO","NÃO",76,"14/04/1939","","",0,0,"AUTOMOVEL","N","N","Condutor","Acima de 60",""
"2016-000781031-001",2016-01-11 16:49:00.000,1,"S",3,"SEM FERIMENTOS","M","NÃO","NÃO",53,"01/10/1962","","",0,0,"AUTOMOVEL","N","N","Condutor","51 a 59",""
"2016-000788362-001",2016-01-11 20:09:00.000,1,"S",3,"SEM FERIMENTOS","M","NÃO","NÃO",43,"14/05/1972","","",0,0,"AUTOMOVEL","N","N","Condutor","41 a 50",""
"2016-000817093-001",2016-01-12 08:34:00.000,1,"S",3,"SEM FERIMENTOS","M","NÃO","NÃO",46,"03/07/1969","","",0,0,"AUTOMOVEL","N","N","Condutor","41 a 50",""
"2016-000826627-001",2016-01-12 10:14:00.000,1,"S",3,"SEM FERIMENTOS","M","NÃO","NÃO",44,"15/08/1971","","",0,0,"AUTOMOVEL","N","N","Condutor","41 a 50",""
"2016-000828641-001",2016-01-12 08:53:00.000,1,"S",3,"SEM FERIMENTOS","M","NÃO","NÃO",38,"09/02/1977","","",0,0,"AUTOMOVEL","N","N","Condutor","36 a 40",""
"2016-000828760-001",2016-01-12 09:37:00.000,1,"S",3,"SEM FERIMENTOS","M","NÃO","NÃO",39,"11/07/1976","","",0,0,"AUTOMOVEL","N","N","Condutor","36 a 40",""
"2016-000830590-001",2016-01-12 11:44:00.000,1,"S",3,"SEM FERIMENTOS","M","NÃO","NÃO",46,"01/11/1969","","",0,0,"AUTOMOVEL","N","N","Condutor","41 a 50",""
"2016-000832665-001",2016-01-12 10:21:00.000,1,"S",3,"SEM FERIMENTOS","M","NÃO","NÃO",48,"09/07/1967","","",0,0,"AUTOMOVEL","N","N","Condutor","41 a 50",""
"2016-000854323-001",2016-01-11 20:23:00.000,1,"S",3,"SEM FERIMENTOS","M","NÃO","NÃO",43,"13/03/1972","","",0,0,"AUTOMOVEL","N","N","Condutor","41 a 50",""
"2016-000854624-001",2016-01-12 13:20:00.000,1,"S",3,"SEM FERIMENTOS","M","NÃO","NÃO",20,"07/07/1995","","",0,0,"AUTOMOVEL","N","N","Condutor","18 a 24",""
"2016-000873906-001",2016-01-12 20:51:00.000,1,"S",3,"SEM FERIMENTOS","M","NÃO","NÃO",55,"07/11/1960","","",0,0,"AUTOMOVEL","N","N","Condutor","51 a 59",""
"2016-000889859-001",2016-01-13 06:46:00.000,1,"S",3,"SEM FERIMENTOS","M","NÃO","NÃO",46,"04/07/1969","","",0,0,"AUTOMOVEL","N","N","Condutor","41 a 50",""
"2016-000891529-001",2016-01-13 07:55:00.000,1,"S",3,"SEM FERIMENTOS","M","NÃO","NÃO",67,"20/09/1948","","",0,0,"AUTOMOVEL","N","N","Condutor","Acima de 60",""
"2016-000913611-001",2016-01-13 10:26:00.000,1,"S",3,"SEM FERIMENTOS","M","NÃO","NÃO",41,"13/04/1974","","",0,0,"AUTOMOVEL","N","N","Condutor","41 a 50",""
"2016-000917531-001",2016-01-13 13:19:00.000,1,"S",3,"SEM FERIMENTOS","M","NÃO","NÃO",49,"13/05/1966","","",0,0,"AUTOMOVEL","N","N","Condutor","41 a 50",""
"2016-000930201-001",2016-01-13 14:37:00.000,1,"S",3,"SEM FERIMENTOS","M","NÃO","NÃO",31,"28/02/1984","","",0,0,"AUTOMOVEL","N","N","Condutor","31 a 35",""
"2016-000944995-001",2016-01-13 19:09:00.000,1,"S",3,"SEM FERIMENTOS","M","NÃO","NÃO",55,"01/10/1960","","",0,0,"AUTOMOVEL","N","N","Condutor","51 a 59",""
"2016-000950271-001",2016-01-13 19:27:00.000,1,"S",3,"SEM FERIMENTOS","M","NÃO","NÃO",53,"08/02/1962","","",0,0,"AUTOMOVEL","N","N","Condutor","51 a 59",""
"2016-000957862-001",2016-01-13 20:14:00.000,1,"S",3,"SEM FERIMENTOS","M","NÃO","NÃO",55,"02/05/1960","","",0,0,"AUTOMOVEL","N","N","Condutor","51 a 59",""
"2016-000985099-001",2016-01-14 07:53:00.000,1,"S",3,"SEM FERIMENTOS","M","NÃO","NÃO",51,"07/08/1964","","",0,0,"AUTOMOVEL","N","N","Condutor","51 a 59",""
"2016-000999010-001",2016-01-14 12:35:00.000,1,"S",3,"SEM FERIMENTOS","M","NÃO","NÃO",18,"13/02/1997","","",0,0,"AUTOMOVEL","N","N","Condutor","18 a 24",""
"2016-001009983-001",2016-01-14 14:28:00.000,1,"S",3,"SEM FERIMENTOS","M","NÃO","NÃO",23,"03/09/1992","","",0,0,"AUTOMOVEL","N","N","Condutor","18 a 24",""
"2016-001031510-001",2016-01-14 17:55:00.000,1,"S",3,"SEM FERIMENTOS","M","NÃO","NÃO",53,"14/09/1962","","",0,0,"AUTOMOVEL","N","N","Condutor","51 a 59",""
"2016-001044863-001",2016-01-14 20:45:00.000,1,"S",3,"SEM FERIMENTOS","M","NÃO","NÃO",45,"26/04/1970","","",0,0,"AUTOMOVEL","N","N","Condutor","41 a 50",""
"2016-001050046-001",2016-01-15 01:46:00.000,1,"S",3,"SEM FERIMENTOS","M","NÃO","NÃO",22,"27/09/1993","","",0,0,"AUTOMOVEL","N","N","Condutor","18 a 24",""
"2016-001061180-001",2016-01-15 08:23:00.000,1,"S",3,"SEM FERIMENTOS","M","NÃO","NÃO",46,"25/09/1969","","",0,0,"AUTOMOVEL","N","N","Condutor","41 a 50",""
"2016-001076135-001",2016-01-15 13:25:00.000,1,"S",3,"SEM FERIMENTOS","M","NÃO","NÃO",45,"02/02/1970","","",0,0,"AUTOMOVEL","N","N","Condutor","41 a 50",""
"2016-001079468-001",2016-01-15 12:35:00.000,1,"S",3,"SEM FERIMENTOS","M","NÃO","NÃO",55,"08/02/1960","","",0,0,"AUTOMOVEL","N","N","Condutor","51 a 59",""
"2016-001097823-001",2016-01-15 17:09:00.000,1,"S",3,"SEM FERIMENTOS","M","NÃO","NÃO",55,"03/10/1960","","",0,0,"AUTOMOVEL","N","N","Condutor","51 a 59",""
"2016-001116890-001",2016-01-15 20:47:00.000,1,"S",3,"SEM FERIMENTOS","M","NÃO","NÃO",27,"18/12/1988","","",0,0,"AUTOMOVEL","N","N","Condutor","25 a 30",""
"2016-001119669-001",2016-01-15 22:03:00.000,1,"S",3,"SEM FERIMENTOS","M","NÃO","NÃO",67,"18/11/1948","","",0,0,"AUTOMOVEL","N","N","Condutor","Acima de 60",""
"2016-001134078-001",2016-01-16 06:00:00.000,1,"S",3,"SEM FERIMENTOS","M","NÃO","NÃO",58,"23/07/1957","","",0,0,"AUTOMOVEL","N","N","Condutor","51 a 59",""
"2016-001152879-001",2016-01-16 15:55:00.000,1,"S",3,"SEM FERIMENTOS","M","NÃO","NÃO",42,"01/05/1973","","",0,0,"AUTOMOVEL","N","N","Condutor","41 a 50",""
"2016-001155149-001",2016-01-16 17:46:00.000,1,"S",3,"SEM FERIMENTOS","M","NÃO","NÃO",60,"26/11/1955","","",0,0,"AUTOMOVEL","N","N","Condutor","Acima de 60",""
"2016-001158010-001",2016-01-16 17:17:00.000,1,"S",3,"SEM FERIMENTOS","M","NÃO","NÃO",18,"08/02/1997","","",0,0,"AUTOMOVEL","N","N","Condutor","18 a 24",""
"2016-001158550-001",2016-01-16 15:14:00.000,1,"S",3,"SEM FERIMENTOS","M","NÃO","NÃO",51,"09/05/1964","","",0,0,"AUTOMOVEL","N","N","Condutor","51 a 59",""
"2016-001159620-001",2016-01-16 17:09:00.000,1,"S",3,"SEM FERIMENTOS","M","NÃO","NÃO",41,"01/09/1974","","",0,0,"AUTOMOVEL","N","N","Condutor","41 a 50",""
"2016-001184599-001",2016-01-17 07:58:00.000,1,"S",3,"SEM FERIMENTOS","M","NÃO","NÃO",55,"30/05/1960","","",0,0,"AUTOMOVEL","N","N","Condutor","51 a 59",""
"2016-001196026-001",2016-01-17 14:18:00.000,1,"S",3,"SEM FERIMENTOS","M","NÃO","NÃO",38,"08/04/1977","","",0,0,"AUTOMOVEL","N","N","Condutor","36 a 40",""
"2016-001201817-001",2016-01-17 17:43:00.000,1,"S",3,"SEM FERIMENTOS","M","NÃO","NÃO",51,"04/09/1964","","",0,0,"AUTOMOVEL","N","N","Condutor","51 a 59",""
"2016-001202445-001",2016-01-17 16:24:00.000,1,"S",3,"SEM FERIMENTOS","M","NÃO","NÃO",38,"20/10/1977","","",0,0,"AUTOMOVEL","N","N","Condutor","36 a 40",""
"2016-001208546-001",2016-01-17 18:56:00.000,1,"S",3,"SEM FERIMENTOS","M","NÃO","NÃO",22,"07/03/1993","","",0,0,"AUTOMOVEL","N","N","Condutor","18 a 24",""
"2016-001235759-001",2016-01-18 09:58:00.000,1,"S",3,"SEM FERIMENTOS","M","NÃO","NÃO",27,"18/10/1988","","",0,0,"AUTOMOVEL","N","N","Condutor","25 a 30",""
"2016-001263380-001",2016-01-18 11:59:00.000,1,"S",3,"SEM FERIMENTOS","M","NÃO","NÃO",57,"10/04/1958","","",0,0,"AUTOMOVEL","N","N","Condutor","51 a 59",""
"2016-001285496-001",2016-01-18 17:22:00.000,1,"S",3,"SEM FERIMENTOS","M","NÃO","NÃO",56,"14/03/1959","","",0,0,"AUTOMOVEL","N","N","Condutor","51 a 59",""
"2016-001285981-001",2016-01-18 14:56:00.000,1,"S",3,"SEM FERIMENTOS","M","NÃO","NÃO",20,"21/10/1995","","",0,0,"AUTOMOVEL","N","N","Condutor","18 a 24",""
"2016-001288355-001",2016-01-18 15:54:00.000,1,"S",3,"SEM FERIMENTOS","M","NÃO","NÃO",24,"24/05/1991","","",0,0,"AUTOMOVEL","N","N","Condutor","18 a 24",""
"2016-001289622-001",2016-01-18 15:36:00.000,1,"S",3,"SEM FERIMENTOS","M","NÃO","NÃO",51,"09/05/1964","","",0,0,"AUTOMOVEL","N","N","Condutor","51 a 59",""
"2016-001297356-001",2016-01-18 19:04:00.000,1,"S",3,"SEM FERIMENTOS","M","NÃO","NÃO",52,"03/03/1963","","",0,0,"AUTOMOVEL","N","N","Condutor","51 a 59",""
"2016-001316250-001",2016-01-19 07:32:00.000,1,"S",3,"SEM FERIMENTOS","M","NÃO","NÃO",44,"22/01/1971","","",0,0,"AUTOMOVEL","N","N","Condutor","41 a 50",""
"2016-001328753-001",2016-01-19 10:56:00.000,1,"S",3,"SEM FERIMENTOS","M","NÃO","NÃO",27,"03/07/1988","","",0,0,"AUTOMOVEL","N","N","Condutor","25 a 30",""
"2016-001358706-001",2016-01-19 14:27:00.000,1,"S",3,"SEM FERIMENTOS","M","NÃO","NÃO",50,"07/08/1991","","",0,0,"AUTOMOVEL","N","N","Condutor","41 a 50",""
"2016-001376398-001",2016-01-19 18:17:00.000,1,"S",3,"SEM FERIMENTOS","M","NÃO","NÃO",41,"10/10/1974","","",0,0,"AUTOMOVEL","N","N","Condutor","41 a 50",""
"2016-001400110-001",2016-01-20 09:05:00.000,1,"S",3,"SEM FERIMENTOS","M","NÃO","NÃO",60,"27/07/1955","","",0,0,"AUTOMOVEL","N","N","Condutor","Acima de 60",""
"2016-001433107-001",2016-01-20 13:16:00.000,1,"S",3,"SEM FERIMENTOS","M","NÃO","NÃO",24,"11/07/1991","","",0,0,"AUTOMOVEL","N","N","Condutor","18 a 24",""
"2016-001453424-001",2016-01-20 18:06:00.000,1,"S",3,"SEM FERIMENTOS","M","NÃO","NÃO",32,"12/05/1983","","",0,0,"AUTOMOVEL","N","N","Condutor","31 a 35",""
"2016-001455332-001",2016-01-20 17:27:00.000,1,"S",3,"SEM FERIMENTOS","M","NÃO","NÃO",64,"31/07/1951","","",0,0,"AUTOMOVEL","N","N","Condutor","Acima de 60",""
"2016-001471391-001",2016-01-20 23:22:00.000,1,"S",3,"SEM FERIMENTOS","M","NÃO","NÃO",40,"14/02/1975","","",0,0,"AUTOMOVEL","N","N","Condutor","36 a 40",""
"2016-001472580-001",2016-01-20 22:37:00.000,1,"S",3,"SEM FERIMENTOS","M","NÃO","NÃO",67,"12/06/1948","","",0,0,"AUTOMOVEL","N","N","Condutor","Acima de 60",""
"2016-001491850-001",2016-01-21 07:17:00.000,1,"S",3,"SEM FERIMENTOS","M","NÃO","NÃO",67,"21/05/1948","","",0,0,"AUTOMOVEL","N","N","Condutor","Acima de 60",""
"2016-001514270-001",2016-01-21 12:43:00.000,1,"S",3,"SEM FERIMENTOS","M","NÃO","NÃO",23,"12/03/1992","","",0,0,"AUTOMOVEL","N","N","Condutor","18 a 24",""
"2016-001533000-001",2016-01-21 16:20:00.000,1,"S",3,"SEM FERIMENTOS","M","NÃO","NÃO",53,"04/06/1962","","",0,0,"AUTOMOVEL","N","N","Condutor","51 a 59",""
"2016-001541599-001",2016-01-21 19:59:00.000,1,"S",3,"SEM FERIMENTOS","M","NÃO","NÃO",29,"11/03/1986","","",0,0,"AUTOMOVEL","N","N","Condutor","25 a 30",""
"2016-001547492-001",2016-01-21 20:52:00.000,1,"S",3,"SEM FERIMENTOS","M","NÃO","NÃO",44,"25/12/1971","","",0,0,"AUTOMOVEL","N","N","Condutor","41 a 50",""
"2016-001550609-001",2016-01-21 20:18:00.000,1,"S",3,"SEM FERIMENTOS","M","NÃO","NÃO",25,"04/09/1966","","",0,0,"AUTOMOVEL","N","N","Condutor","25 a 30",""
"2016-001597459-001",2016-01-22 13:34:00.000,1,"S",3,"SEM FERIMENTOS","M","NÃO","NÃO",41,"18/07/1974","","",0,0,"AUTOMOVEL","N","N","Condutor","41 a 50",""
"2016-001622680-001",2016-01-22 17:41:00.000,1,"S",3,"SEM FERIMENTOS","M","NÃO","NÃO",23,"15/07/1992","","",0,0,"AUTOMOVEL","N","N","Condutor","18 a 24",""
"2016-001628674-001",2016-01-22 18:08:00.000,1,"S",3,"SEM FERIMENTOS","M","NÃO","NÃO",24,"31/03/1991","","",0,0,"AUTOMOVEL","N","N","Condutor","18 a 24",""
"2016-001649641-001",2016-01-23 07:29:00.000,1,"S",3,"SEM FERIMENTOS","M","NÃO","NÃO",44,"05/12/1971","","",0,0,"AUTOMOVEL","N","N","Condutor","41 a 50",""
"2016-001660143-001",2016-01-23 11:32:00.000,1,"S",3,"SEM FERIMENTOS","M","NÃO","NÃO",21,"20/06/1994","","",0,0,"AUTOMOVEL","N","N","Condutor","18 a 24",""
"2016-001681860-001",2016-01-23 17:55:00.000,1,"S",3,"SEM FERIMENTOS","M","NÃO","NÃO",20,"27/07/1995","","",0,0,"AUTOMOVEL","N","N","Condutor","18 a 24",""
"2016-001691404-001",2016-01-23 20:23:00.000,1,"S",3,"SEM FERIMENTOS","M","NÃO","NÃO",44,"18/08/1971","","",0,0,"AUTOMOVEL","N","N","Condutor","41 a 50",""
"2016-001696673-001",2016-01-23 19:55:00.000,1,"S",3,"SEM FERIMENTOS","M","NÃO","NÃO",41,"15/06/1974","","",0,0,"AUTOMOVEL","N","N","Condutor","41 a 50",""
"2016-001696855-001",2016-01-24 00:17:00.000,1,"S",3,"SEM FERIMENTOS","M","NÃO","NÃO",50,"17/07/1965","","",0,0,"AUTOMOVEL","N","N","Condutor","41 a 50",""
"2016-001698579-001",2016-01-23 23:16:00.000,1,"S",3,"SEM FERIMENTOS","M","NÃO","NÃO",30,"09/09/1985","","",0,0,"AUTOMOVEL","N","N","Condutor","25 a 30",""
"2016-001698603-001",2016-01-24 00:30:00.000,1,"S",3,"SEM FERIMENTOS","M","NÃO","NÃO",41,"10/08/1974","","",0,0,"AUTOMOVEL","N","N","Condutor","41 a 50",""
"2016-001702813-001",2016-01-24 01:57:00.000,1,"S",3,"SEM FERIMENTOS","M","NÃO","NÃO",22,"07/09/1993","","",0,0,"AUTOMOVEL","N","N","Condutor","18 a 24",""
"2016-001718108-001",2016-01-24 12:02:00.000,1,"S",3,"SEM FERIMENTOS","M","NÃO","NÃO",53,"25/02/1962","","",0,0,"AUTOMOVEL","N","N","Condutor","51 a 59",""
"2016-001719773-001",2016-01-24 15:04:00.000,1,"S",3,"SEM FERIMENTOS","M","NÃO","NÃO",70,"13/09/1945","","",0,0,"AUTOMOVEL","N","N","Condutor","Acima de 60",""
"2016-001720150-001",2016-01-24 14:35:00.000,1,"S",3,"SEM FERIMENTOS","M","NÃO","NÃO",57,"24/12/1958","","",0,0,"AUTOMOVEL","N","N","Condutor","51 a 59",""
"2016-001729268-001",2016-01-24 17:25:00.000,1,"S",3,"SEM FERIMENTOS","M","NÃO","NÃO",22,"28/12/1993","","",0,0,"AUTOMOVEL","N","N","Condutor","18 a 24",""
"2016-001735161-001",2016-01-24 17:29:00.000,1,"S",3,"SEM FERIMENTOS","M","NÃO","NÃO",30,"03/10/1985","","",0,0,"AUTOMOVEL","N","N","Condutor","25 a 30",""
"2016-001743259-001",2016-01-24 19:45:00.000,1,"S",3,"SEM FERIMENTOS","M","NÃO","NÃO",45,"15/04/1970","","",0,0,"AUTOMOVEL","N","N","Condutor","41 a 50",""
"2016-001744491-001",2016-01-24 23:09:00.000,1,"S",3,"SEM FERIMENTOS","M","NÃO","NÃO",27,"22/08/1988","","",0,0,"AUTOMOVEL","N","N","Condutor","25 a 30",""
"2016-001758965-001",2016-01-25 08:17:00.000,1,"S",3,"SEM FERIMENTOS","M","NÃO","NÃO",21,"26/09/1994","","",0,0,"AUTOMOVEL","N","N","Condutor","18 a 24",""
"2016-001811219-001",2016-01-25 14:52:00.000,1,"S",3,"SEM FERIMENTOS","M","NÃO","NÃO",59,"03/03/1956","","",0,0,"AUTOMOVEL","N","N","Condutor","51 a 59",""
"2016-001811626-001",2016-01-24 18:00:00.000,1,"S",3,"SEM FERIMENTOS","M","NÃO","NÃO",30,"18/01/1986","","",0,0,"AUTOMOVEL","N","N","Condutor","25 a 30",""
"2016-001820160-001",2016-01-25 15:52:00.000,1,"S",3,"SEM FERIMENTOS","M","NÃO","NÃO",61,"18/07/1954","","",0,0,"AUTOMOVEL","N","N","Condutor","Acima de 60",""
"2016-001830425-001",2016-01-25 17:42:00.000,1,"S",3,"SEM FERIMENTOS","M","NÃO","NÃO",76,"20/10/1939","","",0,0,"AUTOMOVEL","N","N","Condutor","Acima de 60",""
"2016-001846521-001",2016-01-25 19:43:00.000,1,"S",3,"SEM FERIMENTOS","M","NÃO","NÃO",57,"08/05/1958","","",0,0,"AUTOMOVEL","N","N","Condutor","51 a 59",""
"2016-001859994-001",2016-01-26 08:23:00.000,1,"S",3,"SEM FERIMENTOS","M","NÃO","NÃO",42,"08/06/1973","","",0,0,"AUTOMOVEL","N","N","Condutor","41 a 50",""
"2016-001873957-001",2016-01-26 09:20:00.000,1,"S",3,"SEM FERIMENTOS","M","NÃO","NÃO",45,"19/11/1970","","",0,0,"AUTOMOVEL","N","N","Condutor","41 a 50",""
"2016-001876976-001",2016-01-26 12:30:00.000,1,"S",3,"SEM FERIMENTOS","M","NÃO","NÃO",45,"06/04/1970","","",0,0,"AUTOMOVEL","N","N","Condutor","41 a 50",""
"2016-001882750-001",2016-01-26 11:58:00.000,1,"S",3,"SEM FERIMENTOS","M","NÃO","NÃO",84,"04/12/1931","","",0,0,"AUTOMOVEL","N","N","Condutor","Acima de 60",""
"2016-001908566-001",2016-01-26 17:13:00.000,1,"S",3,"SEM FERIMENTOS","M","NÃO","NÃO",41,"01/06/1974","","",0,0,"AUTOMOVEL","N","N","Condutor","41 a 50",""
"2016-001925429-001",2016-01-26 19:22:00.000,1,"S",3,"SEM FERIMENTOS","M","NÃO","NÃO",40,"28/12/1975","","",0,0,"AUTOMOVEL","N","N","Condutor","36 a 40",""
"2016-001927666-001",2016-01-26 19:42:00.000,1,"S",3,"SEM FERIMENTOS","M","NÃO","NÃO",25,"25/12/1990","","",0,0,"AUTOMOVEL","N","N","Condutor","25 a 30",""
"2016-001957437-001",2016-01-27 07:50:00.000,1,"S",3,"SEM FERIMENTOS","M","NÃO","NÃO",45,"27/03/1970","","",0,0,"AUTOMOVEL","N","N","Condutor","41 a 50",""
"2016-001960900-002",2016-01-27 12:07:00.000,1,"S",3,"SEM FERIMENTOS","M","NÃO","NÃO",29,"12/03/1986","","",0,0,"AUTOMOVEL","N","N","Condutor","25 a 30",""
"2016-001961407-001",2016-01-27 08:10:00.000,1,"S",3,"SEM FERIMENTOS","M","NÃO","NÃO",43,"27/02/1972","","",0,0,"AUTOMOVEL","N","N","Condutor","41 a 50",""
"2016-001966180-001",2016-01-27 10:29:00.000,1,"S",3,"SEM FERIMENTOS","M","NÃO","NÃO",45,"03/08/1970","","",0,0,"AUTOMOVEL","N","N","Condutor","41 a 50",""
"2016-001978053-001",2016-01-27 13:43:00.000,1,"S",3,"SEM FERIMENTOS","M","NÃO","NÃO",38,"14/10/1977","","",0,0,"AUTOMOVEL","N","N","Condutor","36 a 40",""
"2016-001983987-001",2016-01-27 08:08:00.000,1,"S",3,"SEM FERIMENTOS","M","NÃO","NÃO",81,"30/09/1934","","",0,0,"AUTOMOVEL","N","N","Condutor","Acima de 60",""
"2016-002004778-001",2016-01-27 18:30:00.000,1,"S",3,"SEM FERIMENTOS","M","NÃO","NÃO",70,"23/07/1945","","",0,0,"AUTOMOVEL","N","N","Condutor","Acima de 60",""
"2016-002009006-001",2016-01-27 17:48:00.000,1,"S",3,"SEM FERIMENTOS","M","NÃO","NÃO",30,"31/05/1985","","",0,0,"AUTOMOVEL","N","N","Condutor","25 a 30",""
"2016-002019789-001",2016-01-27 22:30:00.000,1,"S",3,"SEM FERIMENTOS","M","NÃO","NÃO",55,"26/03/1960","","",0,0,"AUTOMOVEL","N","N","Condutor","51 a 59",""
"2016-002022306-001",2016-01-28 01:22:00.000,1,"S",3,"SEM FERIMENTOS","M","NÃO","NÃO",40,"09/03/1975","","",0,0,"AUTOMOVEL","N","N","Condutor","36 a 40",""
"2016-002026871-001",2016-01-28 07:03:00.000,1,"S",3,"SEM FERIMENTOS","M","NÃO","NÃO",31,"18/11/1984","","",0,0,"AUTOMOVEL","N","N","Condutor","31 a 35",""
"2016-002037856-001",2016-01-28 10:24:00.000,1,"S",3,"SEM FERIMENTOS","M","NÃO","NÃO",51,"07/11/1964","","",0,0,"AUTOMOVEL","N","N","Condutor","51 a 59",""
"2016-002056210-001",2016-01-28 12:31:00.000,1,"S",3,"SEM FERIMENTOS","M","NÃO","NÃO",56,"25/05/1959","","",0,0,"AUTOMOVEL","N","N","Condutor","51 a 59",""
"2016-002061870-001",2016-01-28 14:02:00.000,1,"S",3,"SEM FERIMENTOS","M","NÃO","NÃO",25,"06/12/1990","","",0,0,"AUTOMOVEL","N","N","Condutor","25 a 30",""
"2016-002070029-001",2016-01-28 14:45:00.000,1,"S",3,"SEM FERIMENTOS","M","NÃO","NÃO",43,"31/10/1972","","",0,0,"AUTOMOVEL","N","N","Condutor","41 a 50",""
"2016-002095590-001",2016-01-28 19:33:00.000,1,"S",3,"SEM FERIMENTOS","M","NÃO","NÃO",49,"16/06/1966","","",0,0,"AUTOMOVEL","N","N","Condutor","41 a 50",""
"2016-002099689-001",2016-01-28 22:09:00.000,1,"S",3,"SEM FERIMENTOS","M","NÃO","NÃO",22,"07/11/1993","","",0,0,"AUTOMOVEL","N","N","Condutor","18 a 24",""
"2016-002108889-001",2016-01-29 04:45:00.000,1,"S",3,"SEM FERIMENTOS","M","NÃO","NÃO",23,"17/07/1992","","",0,0,"AUTOMOVEL","N","N","Condutor","18 a 24",""
"2016-002116619-001",2016-01-29 06:25:00.000,1,"S",3,"SEM FERIMENTOS","M","NÃO","NÃO",39,"27/05/1976","","",0,0,"AUTOMOVEL","N","N","Condutor","36 a 40",""
"2016-002120645-001",2016-01-29 08:57:00.000,1,"S",3,"SEM FERIMENTOS","M","NÃO","NÃO",21,"19/04/1994","","",0,0,"AUTOMOVEL","N","N","Condutor","18 a 24",""
"2016-002134909-001",2016-01-29 11:34:00.000,1,"S",3,"SEM FERIMENTOS","M","NÃO","NÃO",53,"03/05/1962","","",0,0,"AUTOMOVEL","N","N","Condutor","51 a 59",""
"2016-002146208-002",2016-01-29 11:41:00.000,1,"S",3,"SEM FERIMENTOS","M","NÃO","NÃO",59,"20/01/1957","","",0,0,"AUTOMOVEL","N","N","Condutor","51 a 59",""
"2016-002165771-001",2016-01-29 16:29:00.000,1,"S",3,"SEM FERIMENTOS","M","NÃO","NÃO",56,"03/09/1959","","",0,0,"AUTOMOVEL","N","N","Condutor","51 a 59",""
"2016-002177525-001",2016-01-29 20:48:00.000,1,"S",3,"SEM FERIMENTOS","M","NÃO","NÃO",58,"16/10/1957","","",0,0,"AUTOMOVEL","N","N","Condutor","51 a 59",""
"2016-002178348-001",2016-01-29 19:49:00.000,1,"S",3,"SEM FERIMENTOS","M","NÃO","NÃO",24,"25/02/1991","","",0,0,"AUTOMOVEL","N","N","Condutor","18 a 24",""
"2016-002180770-001",2016-01-29 19:35:00.000,1,"S",3,"SEM FERIMENTOS","M","NÃO","NÃO",19,"30/04/1996","","",0,0,"AUTOMOVEL","N","N","Condutor","18 a 24",""
"2016-002210241-001",2016-01-30 10:27:00.000,1,"S",3,"SEM FERIMENTOS","M","NÃO","NÃO",65,"14/09/1950","","",0,0,"AUTOMOVEL","N","N","Condutor","Acima de 60",""
"2016-002236660-001",2016-01-30 17:54:00.000,1,"S",3,"SEM FERIMENTOS","M","NÃO","NÃO",44,"12/12/1971","","",0,0,"AUTOMOVEL","N","N","Condutor","41 a 50",""
"2016-002252110-001",2016-01-31 00:48:00.000,1,"S",3,"SEM FERIMENTOS","M","NÃO","NÃO",70,"15/11/1945","","",0,0,"AUTOMOVEL","N","N","Condutor","Acima de 60",""
"2016-002260418-001",2016-01-31 03:26:00.000,1,"S",3,"SEM FERIMENTOS","M","NÃO","NÃO",40,"09/04/1975","","",0,0,"AUTOMOVEL","N","N","Condutor","36 a 40",""
"2016-002301128-001",2016-01-31 20:39:00.000,1,"S",3,"SEM FERIMENTOS","M","NÃO","NÃO",51,"15/08/1964","","",0,0,"AUTOMOVEL","N","N","Condutor","51 a 59",""
"2016-002315749-001",2016-02-01 06:23:00.000,1,"S",3,"SEM FERIMENTOS","M","NÃO","NÃO",51,"10/01/1965","","",0,0,"AUTOMOVEL","N","N","Condutor","51 a 59",""
"2016-002355922-001",2016-02-01 10:50:00.000,1,"S",3,"SEM FERIMENTOS","M","NÃO","NÃO",30,"06/01/1986","","",0,0,"AUTOMOVEL","N","N","Condutor","25 a 30",""
"2016-002360715-001",2016-02-01 13:40:00.000,1,"S",3,"SEM FERIMENTOS","M","NÃO","NÃO",51,"12/04/1964","","",0,0,"AUTOMOVEL","N","N","Condutor","51 a 59",""
"2016-002397949-001",2016-02-01 20:37:00.000,1,"S",3,"SEM FERIMENTOS","M","NÃO","NÃO",60,"26/11/1955","","",0,0,"AUTOMOVEL","N","N","Condutor","Acima de 60",""
"2016-002418357-001",2016-02-02 08:38:00.000,1,"S",3,"SEM FERIMENTOS","M","NÃO","NÃO",48,"05/11/1967","","",0,0,"AUTOMOVEL","N","N","Condutor","41 a 50",""
"2016-002442278-001",2016-02-02 12:02:00.000,1,"S",3,"SEM FERIMENTOS","M","NÃO","NÃO",45,"10/05/1970","","",0,0,"AUTOMOVEL","N","N","Condutor","41 a 50",""
"2016-002455656-001",2016-02-02 13:16:00.000,1,"S",3,"SEM FERIMENTOS","M","NÃO","NÃO",24,"25/04/1991","","",0,0,"AUTOMOVEL","N","N","Condutor","18 a 24",""
"2016-002479222-001",2016-02-02 16:38:00.000,1,"S",3,"SEM FERIMENTOS","M","NÃO","NÃO",40,"27/01/1976","","",0,0,"AUTOMOVEL","N","N","Condutor","36 a 40",""
"2016-002514000-001",2016-02-03 08:33:00.000,1,"S",3,"SEM FERIMENTOS","M","NÃO","NÃO",31,"20/10/1984","","",0,0,"AUTOMOVEL","N","N","Condutor","31 a 35",""
"2016-002516025-001",2016-02-03 08:47:00.000,1,"S",3,"SEM FERIMENTOS","M","NÃO","NÃO",38,"14/03/1977","","",0,0,"AUTOMOVEL","N","N","Condutor","36 a 40",""
"2016-002522336-001",2016-02-03 07:47:00.000,1,"S",3,"SEM FERIMENTOS","M","NÃO","NÃO",32,"10/05/1983","","",0,0,"AUTOMOVEL","N","N","Condutor","31 a 35",""
"2016-002527038-001",2016-02-03 06:03:00.000,1,"S",3,"SEM FERIMENTOS","M","NÃO","NÃO",63,"26/01/1953","","",0,0,"AUTOMOVEL","N","N","Condutor","Acima de 60",""
"2016-002544559-001",2016-02-03 12:11:00.000,1,"S",3,"SEM FERIMENTOS","M","NÃO","NÃO",63,"25/03/1952","","",0,0,"AUTOMOVEL","N","N","Condutor","Acima de 60",""
"2016-002554372-001",2016-02-03 12:06:00.000,1,"S",3,"SEM FERIMENTOS","M","NÃO","NÃO",41,"25/01/1975","","",0,0,"AUTOMOVEL","N","N","Condutor","41 a 50",""
"2016-002571577-001",2016-02-03 17:20:00.000,1,"S",3,"SEM FERIMENTOS","M","NÃO","NÃO",38,"29/05/1977","","",0,0,"AUTOMOVEL","N","N","Condutor","36 a 40",""
"2016-002584970-001",2016-02-03 19:53:00.000,1,"S",3,"SEM FERIMENTOS","M","NÃO","NÃO",53,"17/05/1962","","",0,0,"AUTOMOVEL","N","N","Condutor","51 a 59",""
"2016-002590623-001",2016-02-03 20:39:00.000,1,"S",3,"SEM FERIMENTOS","M","NÃO","NÃO",41,"28/12/1974","","",0,0,"AUTOMOVEL","N","N","Condutor","41 a 50",""
"2016-002601822-001",2016-02-04 07:25:00.000,1,"S",3,"SEM FERIMENTOS","M","NÃO","NÃO",38,"10/08/1977","","",0,0,"AUTOMOVEL","N","N","Condutor","36 a 40",""
"2016-002608696-001",2016-02-04 08:39:00.000,1,"S",3,"SEM FERIMENTOS","M","NÃO","NÃO",48,"24/02/1967","","",0,0,"AUTOMOVEL","N","N","Condutor","41 a 50",""
"2016-002622542-001",2016-02-04 06:55:00.000,1,"S",3,"SEM FERIMENTOS","M","NÃO","NÃO",54,"08/02/1961","","",0,0,"AUTOMOVEL","N","N","Condutor","51 a 59",""
"2016-002623891-001",2016-02-04 12:23:00.000,1,"S",3,"SEM FERIMENTOS","M","NÃO","NÃO",38,"16/07/1977","","",0,0,"AUTOMOVEL","N","N","Condutor","36 a 40",""
"2016-002625258-001",2016-02-04 11:07:00.000,1,"S",3,"SEM FERIMENTOS","M","NÃO","NÃO",57,"07/01/1959","","",0,0,"AUTOMOVEL","N","N","Condutor","51 a 59",""
"2016-002647308-001",2016-02-04 15:27:00.000,1,"S",3,"SEM FERIMENTOS","M","NÃO","NÃO",49,"05/01/1967","","",0,0,"AUTOMOVEL","N","N","Condutor","41 a 50",""
"2016-002662572-001",2016-02-04 19:10:00.000,1,"S",3,"SEM FERIMENTOS","M","NÃO","NÃO",38,"08/04/1977","","",0,0,"AUTOMOVEL","N","N","Condutor","36 a 40",""
"2016-002663549-001",2016-02-04 18:48:00.000,1,"S",3,"SEM FERIMENTOS","M","NÃO","NÃO",29,"20/11/1986","","",0,0,"AUTOMOVEL","N","N","Condutor","25 a 30",""
"2016-002693075-001",2016-02-05 08:29:00.000,1,"S",3,"SEM FERIMENTOS","M","NÃO","NÃO",53,"24/02/1962","","",0,0,"AUTOMOVEL","N","N","Condutor","51 a 59",""
"2016-002698250-001",2016-02-05 07:36:00.000,1,"S",3,"SEM FERIMENTOS","M","NÃO","NÃO",32,"27/06/1983","","",0,0,"AUTOMOVEL","N","N","Condutor","31 a 35",""
"2016-002722984-001",2016-02-04 16:50:00.000,1,"S",3,"SEM FERIMENTOS","M","NÃO","NÃO",49,"17/11/1966","","",0,0,"AUTOMOVEL","N","N","Condutor","41 a 50",""
"2016-002742957-001",2016-02-05 17:15:00.000,1,"S",3,"SEM FERIMENTOS","M","NÃO","NÃO",63,"22/06/1952","","",0,0,"AUTOMOVEL","N","N","Condutor","Acima de 60",""
"2016-002743804-001",2016-02-05 17:25:00.000,1,"S",3,"SEM FERIMENTOS","M","NÃO","NÃO",47,"08/03/1968","","",0,0,"AUTOMOVEL","N","N","Condutor","41 a 50",""
"2016-002745032-001",2016-02-05 17:33:00.000,1,"S",3,"SEM FERIMENTOS","M","NÃO","NÃO",17,"09/02/1998","","",0,0,"AUTOMOVEL","N","N","Condutor","1 a 17",""
"2016-002746758-001",2016-02-05 17:38:00.000,1,"S",3,"SEM FERIMENTOS","M","NÃO","NÃO",27,"18/07/1988","","",0,0,"AUTOMOVEL","N","N","Condutor","25 a 30",""
"2016-002748365-001",2016-02-05 18:28:00.000,1,"S",3,"SEM FERIMENTOS","M","NÃO","NÃO",24,"18/04/1991","","",0,0,"AUTOMOVEL","N","N","Condutor","18 a 24",""
"2016-002754770-001",2016-02-05 18:23:00.000,1,"S",3,"SEM FERIMENTOS","M","NÃO","NÃO",45,"30/03/1970","","",0,0,"AUTOMOVEL","N","N","Condutor","41 a 50",""
"2016-002781311-001",2016-02-06 05:41:00.000,1,"S",3,"SEM FERIMENTOS","M","NÃO","NÃO",25,"09/02/1990","","",0,0,"AUTOMOVEL","N","N","Condutor","25 a 30",""
"2016-002793539-001",2016-02-06 11:01:00.000,1,"S",3,"SEM FERIMENTOS","M","NÃO","NÃO",31,"31/07/1984","","",0,0,"AUTOMOVEL","N","N","Condutor","31 a 35",""
"2016-002796504-001",2016-02-06 13:13:00.000,1,"S",3,"SEM FERIMENTOS","M","NÃO","NÃO",44,"07/09/1971","","",0,0,"AUTOMOVEL","N","N","Condutor","41 a 50",""
"2016-002799040-001",2016-02-05 22:00:00.000,1,"S",3,"SEM FERIMENTOS","M","NÃO","NÃO",31,"07/01/1985","","",0,0,"AUTOMOVEL","N","N","Condutor","31 a 35",""
"2016-002800560-001",2016-02-06 13:24:00.000,1,"S",3,"SEM FERIMENTOS","M","NÃO","NÃO",45,"26/08/1970","","",0,0,"AUTOMOVEL","N","N","Condutor","41 a 50",""
"2016-002801552-001",2016-02-06 12:20:00.000,1,"S",3,"SEM FERIMENTOS","M","NÃO","NÃO",50,"02/05/1965","","",0,0,"AUTOMOVEL","N","N","Condutor","41 a 50",""
"2016-002824910-001",2016-02-06 19:49:00.000,1,"S",3,"SEM FERIMENTOS","M","NÃO","NÃO",20,"13/09/1995","","",0,0,"AUTOMOVEL","N","N","Condutor","18 a 24",""
"2016-002826569-001",2016-02-06 21:15:00.000,1,"S",3,"SEM FERIMENTOS","M","NÃO","NÃO",54,"13/08/1961","","",0,0,"AUTOMOVEL","N","N","Condutor","51 a 59",""
"2016-002831624-001",2016-02-06 21:07:00.000,1,"S",3,"SEM FERIMENTOS","M","NÃO","NÃO",50,"16/09/1965","","",0,0,"AUTOMOVEL","N","N","Condutor","41 a 50",""
"2016-002864702-001",2016-02-07 10:41:00.000,1,"S",3,"SEM FERIMENTOS","M","NÃO","NÃO",20,"29/05/1995","","",0,0,"AUTOMOVEL","N","N","Condutor","18 a 24",""
"2016-002889132-001",2016-02-07 19:07:00.000,1,"S",3,"SEM FERIMENTOS","M","NÃO","NÃO",49,"18/09/1966","","",0,0,"AUTOMOVEL","N","N","Condutor","41 a 50",""
"2016-002907409-001",2016-02-08 02:11:00.000,1,"S",3,"SEM FERIMENTOS","M","NÃO","NÃO",22,"24/10/1993","","",0,0,"AUTOMOVEL","N","N","Condutor","18 a 24",""
"2016-002913190-001",2016-02-08 07:48:00.000,1,"S",3,"SEM FERIMENTOS","M","NÃO","NÃO",19,"31/12/1996","","",0,0,"AUTOMOVEL","N","N","Condutor","18 a 24",""
"2016-002986752-001",2016-02-08 20:00:00.000,1,"S",3,"SEM FERIMENTOS","M","NÃO","NÃO",31,"11/10/1984","","",0,0,"AUTOMOVEL","N","N","Condutor","31 a 35",""
"2016-002986815-001",2016-02-09 10:00:00.000,1,"S",3,"SEM FERIMENTOS","M","NÃO","NÃO",76,"17/05/1939","","",0,0,"AUTOMOVEL","N","N","Condutor","Acima de 60",""
"2016-003001533-001",2016-02-09 15:07:00.000,1,"S",3,"SEM FERIMENTOS","M","NÃO","NÃO",65,"06/12/1950","","",0,0,"AUTOMOVEL","N","N","Condutor","Acima de 60",""
"2016-003009988-001",2016-02-09 17:24:00.000,1,"S",3,"SEM FERIMENTOS","M","NÃO","NÃO",32,"26/01/1984","","",0,0,"AUTOMOVEL","N","N","Condutor","31 a 35",""
"2016-003013895-001",2016-02-09 18:01:00.000,1,"S",3,"SEM FERIMENTOS","M","NÃO","NÃO",32,"17/07/1983","","",0,0,"AUTOMOVEL","N","N","Condutor","31 a 35",""
"2016-003019040-001",2016-02-09 17:30:00.000,1,"S",3,"SEM FERIMENTOS","M","NÃO","NÃO",29,"12/09/1986","","",0,0,"AUTOMOVEL","N","N","Condutor","25 a 30",""
"2016-003022253-002",2016-02-09 20:43:00.000,1,"S",3,"SEM FERIMENTOS","M","NÃO","NÃO",47,"16/10/1968","","",0,0,"AUTOMOVEL","N","N","Condutor","41 a 50",""
"2016-003024657-001",2016-02-09 21:20:00.000,1,"S",3,"SEM FERIMENTOS","M","NÃO","NÃO",43,"07/07/1972","","",0,0,"AUTOMOVEL","N","N","Condutor","41 a 50",""
"2016-003046174-001",2016-02-10 08:15:00.000,1,"S",3,"SEM FERIMENTOS","M","NÃO","NÃO",73,"05/05/1942","","",0,0,"AUTOMOVEL","N","N","Condutor","Acima de 60",""
"2016-003055792-001",2016-02-10 11:48:00.000,1,"S",3,"SEM FERIMENTOS","M","NÃO","NÃO",63,"12/10/1952","","",0,0,"AUTOMOVEL","N","N","Condutor","Acima de 60",""
"2016-003071074-001",2016-02-10 14:45:00.000,1,"S",3,"SEM FERIMENTOS","M","NÃO","NÃO",39,"22/02/1976","","",0,0,"AUTOMOVEL","N","N","Condutor","36 a 40",""
"2016-003071782-001",2016-02-10 14:14:00.000,1,"S",3,"SEM FERIMENTOS","M","NÃO","NÃO",23,"22/08/1992","","",0,0,"AUTOMOVEL","N","N","Condutor","18 a 24",""
"2016-003086399-001",2016-02-10 17:32:00.000,1,"S",3,"SEM FERIMENTOS","M","NÃO","NÃO",59,"02/02/1957","","",0,0,"AUTOMOVEL","N","N","Condutor","51 a 59",""
"2016-003087575-001",2016-02-10 17:02:00.000,1,"S",3,"SEM FERIMENTOS","M","NÃO","NÃO",42,"22/10/1973","","",0,0,"AUTOMOVEL","N","N","Condutor","41 a 50",""
"2016-003094852-001",2016-02-10 20:54:00.000,1,"S",3,"SEM FERIMENTOS","M","NÃO","NÃO",52,"25/06/1963","","",0,0,"AUTOMOVEL","N","N","Condutor","51 a 59",""
"2016-003095374-001",2016-02-10 19:54:00.000,1,"S",3,"SEM FERIMENTOS","M","NÃO","NÃO",46,"18/07/1969","","",0,0,"AUTOMOVEL","N","N","Condutor","41 a 50",""
"2016-003096275-001",2016-02-10 17:48:00.000,1,"S",3,"SEM FERIMENTOS","M","NÃO","NÃO",44,"10/09/1971","","",0,0,"AUTOMOVEL","N","N","Condutor","41 a 50",""
"2016-003114920-001",2016-02-11 06:34:00.000,1,"S",3,"SEM FERIMENTOS","M","NÃO","NÃO",25,"26/04/1990","","",0,0,"AUTOMOVEL","N","N","Condutor","25 a 30",""
"2016-003172389-001",2016-02-11 16:42:00.000,1,"S",3,"SEM FERIMENTOS","M","NÃO","NÃO",51,"09/12/1964","","",0,0,"AUTOMOVEL","N","N","Condutor","51 a 59",""
"2016-003178373-001",2016-02-08 22:30:00.000,1,"S",3,"SEM FERIMENTOS","M","NÃO","NÃO",66,"05/06/1949","","",0,0,"AUTOMOVEL","N","N","Condutor","Acima de 60",""
"2016-003179926-001",2016-02-11 17:08:00.000,1,"S",3,"SEM FERIMENTOS","M","NÃO","NÃO",48,"15/09/1967","","",0,0,"AUTOMOVEL","N","N","Condutor","41 a 50",""
"2016-003185350-001",2016-02-11 18:12:00.000,1,"S",3,"SEM FERIMENTOS","M","NÃO","NÃO",31,"27/10/1984","","",0,0,"AUTOMOVEL","N","N","Condutor","31 a 35",""
"2016-003190807-001",2016-02-11 17:58:00.000,1,"S",3,"SEM FERIMENTOS","M","NÃO","NÃO",39,"01/11/1976","","",0,0,"AUTOMOVEL","N","N","Condutor","36 a 40",""
"2016-003192806-001",2016-02-11 18:29:00.000,1,"S",3,"SEM FERIMENTOS","M","NÃO","NÃO",32,"30/04/1983","","",0,0,"AUTOMOVEL","N","N","Condutor","31 a 35",""
"2016-003210000-001",2016-02-12 07:45:00.000,1,"S",3,"SEM FERIMENTOS","M","NÃO","NÃO",40,"04/05/1975","","",0,0,"AUTOMOVEL","N","N","Condutor","36 a 40",""
"2016-003223837-001",2016-02-05 13:30:00.000,1,"S",3,"SEM FERIMENTOS","M","NÃO","NÃO",62,"30/04/1953","","",0,0,"AUTOMOVEL","N","N","Condutor","Acima de 60",""
"2016-003248191-001",2016-02-12 12:04:00.000,1,"S",3,"SEM FERIMENTOS","M","NÃO","NÃO",64,"08/11/1951","","",0,0,"AUTOMOVEL","N","N","Condutor","Acima de 60",""
"2016-003272801-001",2016-02-12 18:20:00.000,1,"S",3,"SEM FERIMENTOS","M","NÃO","NÃO",38,"05/09/1977","","",0,0,"AUTOMOVEL","N","N","Condutor","36 a 40",""
"2016-003281072-001",2016-02-12 20:04:00.000,1,"S",3,"SEM FERIMENTOS","M","NÃO","NÃO",40,"11/02/1976","","",0,0,"AUTOMOVEL","N","N","Condutor","36 a 40",""
"2016-003294905-001",2016-02-12 23:44:00.000,1,"S",3,"SEM FERIMENTOS","M","NÃO","NÃO",52,"24/11/1963","","",0,0,"AUTOMOVEL","N","N","Condutor","51 a 59",""
"2016-003295834-001",2016-02-13 00:24:00.000,1,"S",3,"SEM FERIMENTOS","M","NÃO","NÃO",19,"11/06/1996","","",0,0,"AUTOMOVEL","N","N","Condutor","18 a 24",""
"2016-003305662-001",2016-02-13 09:55:00.000,1,"S",3,"SEM FERIMENTOS","M","NÃO","NÃO",62,"07/05/1953","","",0,0,"AUTOMOVEL","N","N","Condutor","Acima de 60",""
"2016-003310624-001",2016-02-13 12:23:00.000,1,"S",3,"SEM FERIMENTOS","M","NÃO","NÃO",45,"08/10/1970","","",0,0,"AUTOMOVEL","N","N","Condutor","41 a 50",""
"2016-003312608-001",2016-02-13 10:38:00.000,1,"S",3,"SEM FERIMENTOS","M","NÃO","NÃO",53,"29/01/1963","","",0,0,"AUTOMOVEL","N","N","Condutor","51 a 59",""
"2016-003316556-001",2016-02-13 11:52:00.000,1,"S",3,"SEM FERIMENTOS","M","NÃO","NÃO",54,"27/08/1961","","",0,0,"AUTOMOVEL","N","N","Condutor","51 a 59",""
"2016-003328510-001",2016-02-13 14:41:00.000,1,"S",3,"SEM FERIMENTOS","M","NÃO","NÃO",68,"07/08/1947","","",0,0,"AUTOMOVEL","N","N","Condutor","Acima de 60",""
"2016-003386764-001",2016-02-14 17:55:00.000,1,"S",3,"SEM FERIMENTOS","M","NÃO","NÃO",51,"03/01/1965","","",0,0,"AUTOMOVEL","N","N","Condutor","51 a 59",""
"2016-003392313-001",2016-02-14 19:45:00.000,1,"S",3,"SEM FERIMENTOS","M","NÃO","NÃO",47,"26/07/1968","","",0,0,"AUTOMOVEL","N","N","Condutor","41 a 50",""
"2016-003403447-001",2016-02-14 23:35:00.000,1,"S",3,"SEM FERIMENTOS","M","NÃO","NÃO",50,"09/03/1965","","",0,0,"AUTOMOVEL","N","N","Condutor","41 a 50",""
"2016-003419543-001",2016-02-15 06:54:00.000,1,"S",3,"SEM FERIMENTOS","M","NÃO","NÃO",53,"15/02/1963","","",0,0,"AUTOMOVEL","N","N","Condutor","51 a 59",""
"2016-003447371-001",2016-02-15 10:20:00.000,1,"S",3,"SEM FERIMENTOS","M","NÃO","NÃO",56,"05/10/1959","","",0,0,"AUTOMOVEL","N","N","Condutor","51 a 59",""
"2016-003460565-001",2016-02-15 14:28:00.000,1,"S",3,"SEM FERIMENTOS","M","NÃO","NÃO",47,"08/03/1981","","",0,0,"AUTOMOVEL","N","N","Condutor","41 a 50",""
"2016-003493790-001",2016-02-15 18:07:00.000,1,"S",3,"SEM FERIMENTOS","M","NÃO","NÃO",42,"18/09/1973","","",0,0,"AUTOMOVEL","N","N","Condutor","41 a 50",""
"2016-003494691-001",2016-02-15 18:20:00.000,1,"S",3,"SEM FERIMENTOS","M","NÃO","NÃO",22,"21/12/1993","","",0,0,"AUTOMOVEL","N","N","Condutor","18 a 24",""
"2016-003504266-001",2016-02-15 23:54:00.000,1,"S",3,"SEM FERIMENTOS","M","NÃO","NÃO",20,"10/01/1996","","",0,0,"AUTOMOVEL","N","N","Condutor","18 a 24",""
"2016-003522465-001",2016-02-16 09:36:00.000,1,"S",3,"SEM FERIMENTOS","M","NÃO","NÃO",43,"27/12/1972","","",0,0,"AUTOMOVEL","N","N","Condutor","41 a 50",""
"2016-003527702-001",2016-02-15 17:15:00.000,1,"S",3,"SEM FERIMENTOS","M","NÃO","NÃO",31,"26/06/1984","","",0,0,"AUTOMOVEL","N","N","Condutor","31 a 35",""
"2016-003535856-001",2016-02-16 07:40:00.000,1,"S",3,"SEM FERIMENTOS","M","NÃO","NÃO",46,"11/06/1969","","",0,0,"AUTOMOVEL","N","N","Condutor","41 a 50",""
"2016-003564795-001",2016-02-16 15:22:00.000,1,"S",3,"SEM FERIMENTOS","M","NÃO","NÃO",46,"07/08/1969","","",0,0,"AUTOMOVEL","N","N","Condutor","41 a 50",""
"2016-003595820-001",2016-02-16 22:32:00.000,1,"S",3,"SEM FERIMENTOS","M","NÃO","NÃO",40,"28/08/1975","","",0,0,"AUTOMOVEL","N","N","Condutor","36 a 40",""
"2016-003599346-001",2016-02-16 23:08:00.000,1,"S",3,"SEM FERIMENTOS","M","NÃO","NÃO",59,"03/02/1957","","",0,0,"AUTOMOVEL","N","N","Condutor","51 a 59",""
"2016-003604639-001",2016-02-17 07:56:00.000,1,"S",3,"SEM FERIMENTOS","M","NÃO","NÃO",32,"30/01/1984","","",0,0,"AUTOMOVEL","N","N","Condutor","31 a 35",""
"2016-003605122-001",2016-02-17 07:25:00.000,1,"S",3,"SEM FERIMENTOS","M","NÃO","NÃO",24,"28/06/1991","","",0,0,"AUTOMOVEL","N","N","Condutor","18 a 24",""
"2016-003623297-001",2016-02-17 08:41:00.000,1,"S",3,"SEM FERIMENTOS","M","NÃO","NÃO",58,"24/06/1957","","",0,0,"AUTOMOVEL","N","N","Condutor","51 a 59",""
"2016-003623795-001",2016-02-20 08:25:00.000,1,"S",3,"SEM FERIMENTOS","M","NÃO","NÃO",62,"05/11/1953","","",0,0,"AUTOMOVEL","N","N","Condutor","Acima de 60",""
"2016-003671570-001",2016-02-17 18:02:00.000,1,"S",3,"SEM FERIMENTOS","M","NÃO","NÃO",30,"20/12/1985","","",0,0,"AUTOMOVEL","N","N","Condutor","25 a 30",""
"2016-003678111-001",2016-02-17 21:36:00.000,1,"S",3,"SEM FERIMENTOS","M","NÃO","NÃO",31,"17/08/1984","","",0,0,"AUTOMOVEL","N","N","Condutor","31 a 35",""
"2016-003698062-001",2016-02-18 07:00:00.000,1,"S",3,"SEM FERIMENTOS","M","NÃO","NÃO",54,"09/03/1961","","",0,0,"AUTOMOVEL","N","N","Condutor","51 a 59",""
"2016-003728283-001",2016-02-18 13:46:00.000,1,"S",3,"SEM FERIMENTOS","M","NÃO","NÃO",51,"03/10/1964","","",0,0,"AUTOMOVEL","N","N","Condutor","51 a 59",""
"2016-003730480-001",2016-02-18 14:08:00.000,1,"S",3,"SEM FERIMENTOS","M","NÃO","NÃO",59,"11/07/1956","","",0,0,"AUTOMOVEL","N","N","Condutor","51 a 59",""
"2016-003734631-001",2016-02-18 13:01:00.000,1,"S",3,"SEM FERIMENTOS","M","NÃO","NÃO",27,"11/06/1988","","",0,0,"AUTOMOVEL","N","N","Condutor","25 a 30",""
"2016-003735441-001",2016-02-18 09:02:00.000,1,"S",3,"SEM FERIMENTOS","M","NÃO","NÃO",45,"17/11/1970","","",0,0,"AUTOMOVEL","N","N","Condutor","41 a 50",""
"2016-003753430-001",2016-02-18 18:10:00.000,1,"S",3,"SEM FERIMENTOS","M","NÃO","NÃO",27,"29/04/1988","","",0,0,"AUTOMOVEL","N","N","Condutor","25 a 30",""
"2016-003781438-001",2016-02-19 06:19:00.000,1,"S",3,"SEM FERIMENTOS","M","NÃO","NÃO",31,"10/10/1984","","",0,0,"AUTOMOVEL","N","N","Condutor","31 a 35",""
"2016-003829650-001",2016-02-19 14:33:00.000,1,"S",3,"SEM FERIMENTOS","M","NÃO","NÃO",31,"20/09/1984","","",0,0,"AUTOMOVEL","N","N","Condutor","31 a 35",""
"2016-003844282-001",2016-02-19 18:58:00.000,1,"S",3,"SEM FERIMENTOS","M","NÃO","NÃO",45,"07/10/1970","","",0,0,"AUTOMOVEL","N","N","Condutor","41 a 50",""
"2016-003852601-001",2016-02-19 16:48:00.000,1,"S",3,"SEM FERIMENTOS","M","NÃO","NÃO",21,"18/07/1994","","",0,0,"AUTOMOVEL","N","N","Condutor","18 a 24",""
"2016-003857842-001",2016-02-19 18:36:00.000,1,"S",3,"SEM FERIMENTOS","M","NÃO","NÃO",50,"02/03/1965","","",0,0,"AUTOMOVEL","N","N","Condutor","41 a 50",""
"2016-003887968-001",2016-02-20 12:42:00.000,1,"S",3,"SEM FERIMENTOS","M","NÃO","NÃO",56,"13/01/1960","","",0,0,"AUTOMOVEL","N","N","Condutor","51 a 59",""
"2016-003890801-001",2016-02-20 14:39:00.000,1,"S",3,"SEM FERIMENTOS","M","NÃO","NÃO",66,"17/12/1949","","",0,0,"AUTOMOVEL","N","N","Condutor","Acima de 60",""
"2016-003891063-001",2016-02-20 14:16:00.000,1,"S",3,"SEM FERIMENTOS","M","NÃO","NÃO",59,"22/05/1956","","",0,0,"AUTOMOVEL","N","N","Condutor","51 a 59",""
"2016-003899317-001",2016-02-20 12:31:00.000,1,"S",3,"SEM FERIMENTOS","M","NÃO","NÃO",45,"03/04/1970","","",0,0,"AUTOMOVEL","N","N","Condutor","41 a 50",""
"2016-003934779-001",2016-02-17 17:40:00.000,1,"S",3,"SEM FERIMENTOS","M","NÃO","NÃO",32,"06/07/1983","","",0,0,"AUTOMOVEL","N","N","Condutor","31 a 35",""
"2016-003947399-001",2016-02-21 13:31:00.000,1,"S",3,"SEM FERIMENTOS","M","NÃO","NÃO",49,"25/07/1966","","",0,0,"AUTOMOVEL","N","N","Condutor","41 a 50",""
"2016-003972141-001",2016-02-21 23:03:00.000,1,"S",3,"SEM FERIMENTOS","M","NÃO","NÃO",29,"16/06/1986","","",0,0,"AUTOMOVEL","N","N","Condutor","25 a 30",""
"2016-003987347-001",2016-02-22 07:44:00.000,1,"S",3,"SEM FERIMENTOS","M","NÃO","NÃO",27,"07/01/1989","","",0,0,"AUTOMOVEL","N","N","Condutor","25 a 30",""
"2016-004049792-001",2016-02-22 15:39:00.000,1,"S",3,"SEM FERIMENTOS","M","NÃO","NÃO",44,"25/05/1971","","",0,0,"AUTOMOVEL","N","N","Condutor","41 a 50",""
"2016-004053931-001",2016-02-22 15:22:00.000,1,"S",3,"SEM FERIMENTOS","M","NÃO","NÃO",50,"23/02/1965","","",0,0,"AUTOMOVEL","N","N","Condutor","41 a 50",""
"2016-004059471-001",2016-02-22 19:15:00.000,1,"S",3,"SEM FERIMENTOS","M","NÃO","NÃO",39,"08/02/1977","","",0,0,"AUTOMOVEL","N","N","Condutor","36 a 40",""
"2016-004061299-001",2016-02-22 18:14:00.000,1,"S",3,"SEM FERIMENTOS","M","NÃO","NÃO",30,"23/04/1985","","",0,0,"AUTOMOVEL","N","N","Condutor","25 a 30",""
"2016-004095566-001",2016-02-23 10:02:00.000,1,"S",3,"SEM FERIMENTOS","M","NÃO","NÃO",57,"26/06/1958","","",0,0,"AUTOMOVEL","N","N","Condutor","51 a 59",""
"2016-004108764-001",2016-02-23 11:54:00.000,1,"S",3,"SEM FERIMENTOS","M","NÃO","NÃO",60,"24/06/1955","","",0,0,"AUTOMOVEL","N","N","Condutor","Acima de 60",""
"2016-004147614-001",2016-02-23 18:36:00.000,1,"S",3,"SEM FERIMENTOS","M","NÃO","NÃO",61,"01/04/1954","","",0,0,"AUTOMOVEL","N","N","Condutor","Acima de 60",""
"2016-004161267-001",2016-02-23 22:57:00.000,1,"S",3,"SEM FERIMENTOS","M","NÃO","NÃO",51,"25/08/1964","","",0,0,"AUTOMOVEL","N","N","Condutor","51 a 59",""
"2016-004210757-001",2016-02-24 14:44:00.000,1,"S",3,"SEM FERIMENTOS","M","NÃO","NÃO",29,"17/10/1986","","",0,0,"AUTOMOVEL","N","N","Condutor","25 a 30",""
"2016-004217053-001",2016-02-24 14:00:00.000,1,"S",3,"SEM FERIMENTOS","M","NÃO","NÃO",51,"29/05/1964","","",0,0,"AUTOMOVEL","N","N","Condutor","51 a 59",""
"2016-004217248-001",2016-02-24 16:20:00.000,1,"S",3,"SEM FERIMENTOS","M","NÃO","NÃO",42,"01/04/1973","","",0,0,"AUTOMOVEL","N","N","Condutor","41 a 50",""
"2016-004231646-001",2016-02-24 17:38:00.000,1,"S",3,"SEM FERIMENTOS","M","NÃO","NÃO",44,"03/07/1971","","",0,0,"AUTOMOVEL","N","N","Condutor","41 a 50",""
"2016-004232170-001",2016-02-24 18:38:00.000,1,"S",3,"SEM FERIMENTOS","M","NÃO","NÃO",27,"21/09/1988","","",0,0,"AUTOMOVEL","N","N","Condutor","25 a 30",""
"2016-004242477-001",2016-02-24 20:44:00.000,1,"S",3,"SEM FERIMENTOS","M","NÃO","NÃO",42,"14/02/1974","","",0,0,"AUTOMOVEL","N","N","Condutor","41 a 50",""
"2016-004243365-001",2016-02-24 21:20:00.000,1,"S",3,"SEM FERIMENTOS","M","NÃO","NÃO",41,"15/10/1974","","",0,0,"AUTOMOVEL","N","N","Condutor","41 a 50",""
"2016-004311836-001",2016-02-25 18:00:00.000,1,"S",3,"SEM FERIMENTOS","M","NÃO","NÃO",23,"17/07/1992","","",0,0,"AUTOMOVEL","N","N","Condutor","18 a 24",""
"2016-004313954-001",2016-02-25 17:20:00.000,1,"S",3,"SEM FERIMENTOS","M","NÃO","NÃO",51,"22/07/1964","","",0,0,"AUTOMOVEL","N","N","Condutor","51 a 59",""
"2016-004324638-001",2016-02-25 19:22:00.000,1,"S",3,"SEM FERIMENTOS","M","NÃO","NÃO",49,"28/04/1966","","",0,0,"AUTOMOVEL","N","N","Condutor","41 a 50",""
"2016-004366115-001",2016-02-26 12:35:00.000,1,"S",3,"SEM FERIMENTOS","M","NÃO","NÃO",45,"19/01/1971","","",0,0,"AUTOMOVEL","N","N","Condutor","41 a 50",""
"2016-004373719-001",2016-02-26 13:22:00.000,1,"S",3,"SEM FERIMENTOS","M","NÃO","NÃO",44,"09/05/1971","","",0,0,"AUTOMOVEL","N","N","Condutor","41 a 50",""
"2016-004378072-001",2016-02-26 14:46:00.000,1,"S",3,"SEM FERIMENTOS","M","NÃO","NÃO",44,"14/10/1971","","",0,0,"AUTOMOVEL","N","N","Condutor","41 a 50",""
"2016-004388823-001",2016-05-12 13:04:00.000,1,"S",3,"SEM FERIMENTOS","M","NÃO","NÃO",54,"25/04/1962","","",0,0,"AUTOMOVEL","N","N","Condutor","51 a 59",""
"2016-004405261-001",2016-02-26 20:00:00.000,1,"S",3,"SEM FERIMENTOS","M","NÃO","NÃO",59,"21/04/1956","","",0,0,"AUTOMOVEL","N","N","Condutor","51 a 59",""
"2016-004446387-001",2016-02-26 13:40:00.000,1,"S",3,"SEM FERIMENTOS","M","NÃO","NÃO",27,"22/03/1988","","",0,0,"AUTOMOVEL","N","N","Condutor","25 a 30",""
"2016-004452826-001",2016-02-27 14:35:00.000,1,"S",3,"SEM FERIMENTOS","M","NÃO","NÃO",50,"17/09/1965","","",0,0,"AUTOMOVEL","N","N","Condutor","41 a 50",""
"2016-004456079-001",2016-02-27 14:54:00.000,1,"S",3,"SEM FERIMENTOS","M","NÃO","NÃO",55,"28/10/1960","","",0,0,"AUTOMOVEL","N","N","Condutor","51 a 59",""
"2016-004473862-001",2016-02-27 20:41:00.000,1,"S",3,"SEM FERIMENTOS","M","NÃO","NÃO",76,"10/08/1939","","",0,0,"AUTOMOVEL","N","N","Condutor","Acima de 60",""
"2016-004475075-001",2016-02-27 20:24:00.000,1,"S",3,"SEM FERIMENTOS","M","NÃO","NÃO",56,"14/02/1960","","",0,0,"AUTOMOVEL","N","N","Condutor","51 a 59",""
"2016-004483604-001",2016-02-28 00:53:00.000,1,"S",3,"SEM FERIMENTOS","M","NÃO","NÃO",18,"19/04/1997","","",0,0,"AUTOMOVEL","N","N","Condutor","18 a 24",""
"2016-004485120-001",2016-02-27 23:33:00.000,1,"S",3,"SEM FERIMENTOS","M","NÃO","NÃO",41,"12/06/1974","","",0,0,"AUTOMOVEL","N","N","Condutor","41 a 50",""
"2016-004488544-001",2016-03-01 07:21:00.000,1,"S",3,"SEM FERIMENTOS","M","NÃO","NÃO",25,"25/04/1990","","",0,0,"AUTOMOVEL","N","N","Condutor","25 a 30",""
"2016-004509749-001",2016-02-28 16:14:00.000,1,"S",3,"SEM FERIMENTOS","M","NÃO","NÃO",47,"17/10/1968","","",0,0,"AUTOMOVEL","N","N","Condutor","41 a 50",""
"2016-004511895-001",2016-02-28 16:05:00.000,1,"S",3,"SEM FERIMENTOS","M","NÃO","NÃO",60,"02/06/1955","","",0,0,"AUTOMOVEL","N","N","Condutor","Acima de 60",""
"2016-004512586-001",2016-02-28 17:22:00.000,1,"S",3,"SEM FERIMENTOS","M","NÃO","NÃO",40,"28/09/1975","","",0,0,"AUTOMOVEL","N","N","Condutor","36 a 40",""
"2016-004517250-001",2016-02-28 17:42:00.000,1,"S",3,"SEM FERIMENTOS","M","NÃO","NÃO",29,"15/09/1986","","",0,0,"AUTOMOVEL","N","N","Condutor","25 a 30",""
"2016-004520188-001",2016-02-28 16:29:00.000,1,"S",3,"SEM FERIMENTOS","M","NÃO","NÃO",40,"06/10/1975","","",0,0,"AUTOMOVEL","N","N","Condutor","36 a 40",""
"2016-004523820-001",2016-02-28 21:38:00.000,1,"S",3,"SEM FERIMENTOS","M","NÃO","NÃO",22,"30/07/1993","","",0,0,"AUTOMOVEL","N","N","Condutor","18 a 24",""
"2016-004524552-002",2016-02-28 20:51:00.000,1,"S",3,"SEM FERIMENTOS","M","NÃO","NÃO",20,"12/02/1996","","",0,0,"AUTOMOVEL","N","N","Condutor","18 a 24",""
"2016-004528102-001",2016-02-28 20:18:00.000,1,"S",3,"SEM FERIMENTOS","M","NÃO","NÃO",39,"11/07/1976","","",0,0,"AUTOMOVEL","N","N","Condutor","36 a 40",""
"2016-004528379-001",2016-02-28 19:59:00.000,1,"S",3,"SEM FERIMENTOS","M","NÃO","NÃO",56,"15/06/1959","","",0,0,"AUTOMOVEL","N","N","Condutor","51 a 59",""
"2016-004571857-001",2016-02-29 10:39:00.000,1,"S",3,"SEM FERIMENTOS","M","NÃO","NÃO",73,"02/11/1942","","",0,0,"AUTOMOVEL","N","N","Condutor","Acima de 60",""
"2016-004597071-001",2016-05-08 09:03:00.000,1,"S",3,"SEM FERIMENTOS","M","NÃO","NÃO",57,"12/06/1958","","",0,0,"AUTOMOVEL","N","N","Condutor","51 a 59",""
"2016-004610919-001",2016-02-29 17:50:00.000,1,"S",3,"SEM FERIMENTOS","M","NÃO","NÃO",47,"28/01/1969","","",0,0,"AUTOMOVEL","N","N","Condutor","41 a 50",""
"2016-004610947-001",2016-03-02 08:03:00.000,1,"S",3,"SEM FERIMENTOS","M","NÃO","NÃO",39,"08/08/1976","","",0,0,"AUTOMOVEL","N","N","Condutor","36 a 40",""
"2016-004627615-001",2016-02-29 22:17:00.000,1,"S",3,"SEM FERIMENTOS","M","NÃO","NÃO",54,"04/01/1962","","",0,0,"AUTOMOVEL","N","N","Condutor","51 a 59",""
"2016-004646784-001",2016-02-29 17:30:00.000,1,"S",3,"SEM FERIMENTOS","M","NÃO","NÃO",23,"16/12/1992","","",0,0,"AUTOMOVEL","N","N","Condutor","18 a 24",""
"2016-004664171-001",2016-03-01 12:36:00.000,1,"S",3,"SEM FERIMENTOS","M","NÃO","NÃO",25,"14/12/1990","","",0,0,"AUTOMOVEL","N","N","Condutor","25 a 30",""
"2016-004668401-001",2016-03-01 13:45:00.000,1,"S",3,"SEM FERIMENTOS","M","NÃO","NÃO",61,"05/07/1954","","",0,0,"AUTOMOVEL","N","N","Condutor","Acima de 60",""
"2016-004669343-001",2016-03-01 11:50:00.000,1,"S",3,"SEM FERIMENTOS","M","NÃO","NÃO",51,"06/03/1964","","",0,0,"AUTOMOVEL","N","N","Condutor","51 a 59",""
"2016-004670805-001",2016-03-01 11:57:00.000,1,"S",3,"SEM FERIMENTOS","M","NÃO","NÃO",30,"27/05/1985","","",0,0,"AUTOMOVEL","N","N","Condutor","25 a 30",""
"2016-004670861-001",2016-03-01 12:53:00.000,1,"S",3,"SEM FERIMENTOS","M","NÃO","NÃO",48,"14/02/1968","","",0,0,"AUTOMOVEL","N","N","Condutor","41 a 50",""
"2016-004678870-001",2016-03-01 14:00:00.000,1,"S",3,"SEM FERIMENTOS","M","NÃO","NÃO",54,"26/12/1961","","",0,0,"AUTOMOVEL","N","N","Condutor","51 a 59",""
"2016-004707937-001",2016-03-01 19:07:00.000,1,"S",3,"SEM FERIMENTOS","M","NÃO","NÃO",25,"27/11/1990","","",0,0,"AUTOMOVEL","N","N","Condutor","25 a 30",""
"2016-004723102-001",2016-03-02 08:04:00.000,1,"S",3,"SEM FERIMENTOS","M","NÃO","NÃO",62,"04/09/1953","","",0,0,"AUTOMOVEL","N","N","Condutor","Acima de 60",""
"2016-004730145-001",2016-03-02 07:18:00.000,1,"S",3,"SEM FERIMENTOS","M","NÃO","NÃO",39,"01/05/1976","","",0,0,"AUTOMOVEL","N","N","Condutor","36 a 40",""
"2016-004730881-001",2016-03-02 07:48:00.000,1,"S",3,"SEM FERIMENTOS","M","NÃO","NÃO",41,"14/05/1974","","",0,0,"AUTOMOVEL","N","N","Condutor","41 a 50",""
"2016-004731585-001",2016-03-02 07:50:00.000,1,"S",3,"SEM FERIMENTOS","M","NÃO","NÃO",62,"26/04/1953","","",0,0,"AUTOMOVEL","N","N","Condutor","Acima de 60",""
"2016-004781764-001",2016-03-02 15:42:00.000,1,"S",3,"SEM FERIMENTOS","M","NÃO","NÃO",32,"17/07/1983","","",0,0,"AUTOMOVEL","N","N","Condutor","31 a 35",""
"2016-004801739-001",2016-03-02 22:52:00.000,1,"S",3,"SEM FERIMENTOS","M","NÃO","NÃO",18,"18/01/1998","","",0,0,"AUTOMOVEL","N","N","Condutor","18 a 24",""
"2016-004801951-001",2016-03-02 22:09:00.000,1,"S",3,"SEM FERIMENTOS","M","NÃO","NÃO",40,"31/08/1975","","",0,0,"AUTOMOVEL","N","N","Condutor","36 a 40",""
"2016-004803214-001",2016-03-02 20:09:00.000,1,"S",3,"SEM FERIMENTOS","M","NÃO","NÃO",24,"16/08/1991","","",0,0,"AUTOMOVEL","N","N","Condutor","18 a 24",""
"2016-004807147-001",2016-03-03 01:17:00.000,1,"S",3,"SEM FERIMENTOS","M","NÃO","NÃO",31,"13/12/1984","","",0,0,"AUTOMOVEL","N","N","Condutor","31 a 35",""
"2016-004823858-001",2016-03-03 09:41:00.000,1,"S",3,"SEM FERIMENTOS","M","NÃO","NÃO",31,"14/01/1985","","",0,0,"AUTOMOVEL","N","N","Condutor","31 a 35",""
"2016-004866186-001",2016-03-03 14:38:00.000,1,"S",3,"SEM FERIMENTOS","M","NÃO","NÃO",63,"16/03/1952","","",0,0,"AUTOMOVEL","N","N","Condutor","Acima de 60",""
"2016-004885010-001",2016-03-03 18:49:00.000,1,"S",3,"SEM FERIMENTOS","M","NÃO","NÃO",49,"24/01/1967","","",0,0,"AUTOMOVEL","N","N","Condutor","41 a 50",""
"2016-004892600-001",2016-03-03 21:46:00.000,1,"S",3,"SEM FERIMENTOS","M","NÃO","NÃO",42,"22/11/1973","","",0,0,"AUTOMOVEL","N","N","Condutor","41 a 50",""
"2016-004895987-001",2016-03-04 06:54:00.000,1,"S",3,"SEM FERIMENTOS","M","NÃO","NÃO",20,"24/05/1995","","",0,0,"AUTOMOVEL","N","N","Condutor","18 a 24",""
"2016-004904531-001",2016-03-04 08:40:00.000,1,"S",3,"SEM FERIMENTOS","M","NÃO","NÃO",29,"14/05/1986","","",0,0,"AUTOMOVEL","N","N","Condutor","25 a 30",""
"2016-004940810-001",2016-03-04 14:09:00.000,1,"S",3,"SEM FERIMENTOS","M","NÃO","NÃO",43,"09/03/1972","","",0,0,"AUTOMOVEL","N","N","Condutor","41 a 50",""
"2016-004955336-001",2016-03-04 18:04:00.000,1,"S",3,"SEM FERIMENTOS","M","NÃO","NÃO",51,"02/04/1964","","",0,0,"AUTOMOVEL","N","N","Condutor","51 a 59",""
"2016-004958173-001",2016-03-04 14:30:00.000,1,"S",3,"SEM FERIMENTOS","M","NÃO","NÃO",38,"13/05/1977","","",0,0,"AUTOMOVEL","N","N","Condutor","36 a 40",""
"2016-004959858-001",2016-03-04 19:29:00.000,1,"S",3,"SEM FERIMENTOS","M","NÃO","NÃO",21,"27/08/1994","","",0,0,"AUTOMOVEL","N","N","Condutor","18 a 24",""
"2016-004960902-001",2016-03-04 19:39:00.000,1,"S",3,"SEM FERIMENTOS","M","NÃO","NÃO",55,"12/01/1961","","",0,0,"AUTOMOVEL","N","N","Condutor","51 a 59",""
"2016-004961662-001",2016-03-04 19:30:00.000,1,"S",3,"SEM FERIMENTOS","M","NÃO","NÃO",32,"23/09/1983","","",0,0,"AUTOMOVEL","N","N","Condutor","31 a 35",""
"2016-004965002-001",2016-03-04 19:45:00.000,1,"S",3,"SEM FERIMENTOS","M","NÃO","NÃO",65,"31/08/1950","","",0,0,"AUTOMOVEL","N","N","Condutor","Acima de 60",""
"2016-005001450-001",2016-03-05 11:27:00.000,1,"S",3,"SEM FERIMENTOS","M","NÃO","NÃO",45,"21/06/1970","","",0,0,"AUTOMOVEL","N","N","Condutor","41 a 50",""
"2016-005005420-001",2016-03-05 16:20:00.000,1,"S",3,"SEM FERIMENTOS","M","NÃO","NÃO",29,"17/06/1986","","",0,0,"AUTOMOVEL","N","N","Condutor","25 a 30",""
"2016-005015832-001",2016-03-05 15:57:00.000,1,"S",3,"SEM FERIMENTOS","M","NÃO","NÃO",29,"05/09/1986","","",0,0,"AUTOMOVEL","N","N","Condutor","25 a 30",""
"2016-005030633-001",2016-03-05 23:01:00.000,1,"S",3,"SEM FERIMENTOS","M","NÃO","NÃO",19,"29/03/1976","","",0,0,"AUTOMOVEL","N","N","Condutor","18 a 24",""
"2016-005040851-001",2016-03-06 00:42:00.000,1,"S",3,"SEM FERIMENTOS","M","NÃO","NÃO",29,"09/05/1986","","",0,0,"AUTOMOVEL","N","N","Condutor","25 a 30",""
"2016-005055561-001",2016-03-06 12:52:00.000,1,"S",3,"SEM FERIMENTOS","M","NÃO","NÃO",41,"06/08/1974","","",0,0,"AUTOMOVEL","N","N","Condutor","41 a 50",""
"2016-005056356-001",2016-03-06 13:20:00.000,1,"S",3,"SEM FERIMENTOS","M","NÃO","NÃO",22,"07/01/1994","","",0,0,"AUTOMOVEL","N","N","Condutor","18 a 24",""
"2016-005057006-001",2016-03-02 09:02:00.000,1,"S",3,"SEM FERIMENTOS","M","NÃO","NÃO",23,"01/01/1993","","",0,0,"AUTOMOVEL","N","N","Condutor","18 a 24",""
"2016-005089384-001",2016-03-07 01:33:00.000,1,"S",3,"SEM FERIMENTOS","M","NÃO","NÃO",64,"01/06/1951","","",0,0,"AUTOMOVEL","N","N","Condutor","Acima de 60",""
"2016-005107362-001",2016-03-07 06:51:00.000,1,"S",3,"SEM FERIMENTOS","M","NÃO","NÃO",32,"24/04/1983","","",0,0,"AUTOMOVEL","N","N","Condutor","31 a 35",""
"2016-005113030-001",2016-03-07 08:15:00.000,1,"S",3,"SEM FERIMENTOS","M","NÃO","NÃO",27,"21/08/1988","","",0,0,"AUTOMOVEL","N","N","Condutor","25 a 30",""
"2016-005126475-001",2016-03-06 21:00:00.000,1,"S",3,"SEM FERIMENTOS","M","NÃO","NÃO",58,"07/03/1958","","",0,0,"AUTOMOVEL","N","N","Condutor","51 a 59",""
"2016-005143457-001",2016-03-07 14:00:00.000,1,"S",3,"SEM FERIMENTOS","M","NÃO","NÃO",45,"22/02/1971","","",0,0,"AUTOMOVEL","N","N","Condutor","41 a 50",""
"2016-005144884-001",2016-03-07 13:42:00.000,1,"S",3,"SEM FERIMENTOS","M","NÃO","NÃO",49,"06/05/1966","","",0,0,"AUTOMOVEL","N","N","Condutor","41 a 50",""
"2016-005166869-001",2016-03-07 17:12:00.000,1,"S",3,"SEM FERIMENTOS","M","NÃO","NÃO",45,"09/10/1989","","",0,0,"AUTOMOVEL","N","N","Condutor","41 a 50",""
"2016-005167913-001",2016-03-07 15:18:00.000,1,"S",3,"SEM FERIMENTOS","M","NÃO","NÃO",41,"14/06/1974","","",0,0,"AUTOMOVEL","N","N","Condutor","41 a 50",""
"2016-005170748-001",2016-03-07 17:26:00.000,1,"S",3,"SEM FERIMENTOS","M","NÃO","NÃO",40,"22/06/1975","","",0,0,"AUTOMOVEL","N","N","Condutor","36 a 40",""
"2016-005171980-001",2016-03-07 20:02:00.000,1,"S",3,"SEM FERIMENTOS","M","NÃO","NÃO",40,"14/10/1975","","",0,0,"AUTOMOVEL","N","N","Condutor","36 a 40",""
"2016-005173949-001",2016-03-07 19:13:00.000,1,"S",3,"SEM FERIMENTOS","M","NÃO","NÃO",25,"05/04/1990","","",0,0,"AUTOMOVEL","N","N","Condutor","25 a 30",""
"2016-005185458-001",2016-03-07 22:27:00.000,1,"S",3,"SEM FERIMENTOS","M","NÃO","NÃO",21,"25/03/1994","","",0,0,"AUTOMOVEL","N","N","Condutor","18 a 24",""
"2016-005185499-001",2016-03-07 21:36:00.000,1,"S",3,"SEM FERIMENTOS","M","NÃO","NÃO",77,"20/09/1938","","",0,0,"AUTOMOVEL","N","N","Condutor","Acima de 60",""
"2016-005200248-001",2016-03-08 07:59:00.000,1,"S",3,"SEM FERIMENTOS","M","NÃO","NÃO",20,"10/01/1996","","",0,0,"AUTOMOVEL","N","N","Condutor","18 a 24",""
"2016-005211235-001",2016-03-08 11:11:00.000,1,"S",3,"SEM FERIMENTOS","M","NÃO","NÃO",43,"21/01/1973","","",0,0,"AUTOMOVEL","N","N","Condutor","41 a 50",""
"2016-005215744-001",2016-03-08 08:02:00.000,1,"S",3,"SEM FERIMENTOS","M","NÃO","NÃO",23,"24/05/1992","","",0,0,"AUTOMOVEL","N","N","Condutor","18 a 24",""
"2016-005215926-001",2016-03-08 08:39:00.000,1,"S",3,"SEM FERIMENTOS","M","NÃO","NÃO",41,"30/10/1974","","",0,0,"AUTOMOVEL","N","N","Condutor","41 a 50",""
"2016-005223690-001",2016-03-08 10:42:00.000,1,"S",3,"SEM FERIMENTOS","M","NÃO","NÃO",89,"10/05/1926","","",0,0,"AUTOMOVEL","N","N","Condutor","Acima de 60",""
"2016-005268942-001",2016-03-08 20:47:00.000,1,"S",3,"SEM FERIMENTOS","M","NÃO","NÃO",25,"13/02/1991","","",0,0,"AUTOMOVEL","N","N","Condutor","25 a 30",""
"2016-005286540-001",2016-03-09 07:33:00.000,1,"S",3,"SEM FERIMENTOS","M","NÃO","NÃO",21,"09/11/1994","","",0,0,"AUTOMOVEL","N","N","Condutor","18 a 24",""
"2016-005290197-001",2016-03-09 07:40:00.000,1,"S",3,"SEM FERIMENTOS","M","NÃO","NÃO",70,"24/10/1945","","",0,0,"AUTOMOVEL","N","N","Condutor","Acima de 60",""
"2016-005290262-001",2016-03-08 11:58:00.000,1,"S",3,"SEM FERIMENTOS","M","NÃO","NÃO",31,"17/09/1984","","",0,0,"AUTOMOVEL","N","N","Condutor","31 a 35",""
"2016-005312026-001",2016-03-09 11:37:00.000,1,"S",3,"SEM FERIMENTOS","M","NÃO","NÃO",42,"19/10/1973","","",0,0,"AUTOMOVEL","N","N","Condutor","41 a 50",""
"2016-005349288-001",2016-03-09 17:48:00.000,1,"S",3,"SEM FERIMENTOS","M","NÃO","NÃO",21,"29/12/1994","","",0,0,"AUTOMOVEL","N","N","Condutor","18 a 24",""
"2016-005358943-001",2016-03-09 18:59:00.000,1,"S",3,"SEM FERIMENTOS","M","NÃO","NÃO",51,"10/03/1964","","",0,0,"AUTOMOVEL","N","N","Condutor","51 a 59",""
"2016-005360613-001",2016-03-09 20:32:00.000,1,"S",3,"SEM FERIMENTOS","M","NÃO","NÃO",53,"21/07/1962","","",0,0,"AUTOMOVEL","N","N","Condutor","51 a 59",""
"2016-005369592-001",2016-03-09 23:04:00.000,1,"S",3,"SEM FERIMENTOS","M","NÃO","NÃO",20,"23/04/1995","","",0,0,"AUTOMOVEL","N","N","Condutor","18 a 24",""
"2016-005377112-001",2016-03-10 07:47:00.000,1,"S",3,"SEM FERIMENTOS","M","NÃO","NÃO",42,"07/12/1973","","",0,0,"AUTOMOVEL","N","N","Condutor","41 a 50",""
"2016-005392060-001",2016-03-10 08:38:00.000,1,"S",3,"SEM FERIMENTOS","M","NÃO","NÃO",24,"24/07/1991","","",0,0,"AUTOMOVEL","N","N","Condutor","18 a 24",""
"2016-005444905-001",2016-03-10 15:43:00.000,1,"S",3,"SEM FERIMENTOS","M","NÃO","NÃO",27,"11/10/1988","","",0,0,"AUTOMOVEL","N","N","Condutor","25 a 30",""
"2016-005474288-001",2016-03-11 09:53:00.000,1,"S",3,"SEM FERIMENTOS","M","NÃO","NÃO",23,"31/12/1992","","",0,0,"AUTOMOVEL","N","N","Condutor","18 a 24",""
"2016-005489496-001",2016-03-11 10:37:00.000,1,"S",3,"SEM FERIMENTOS","M","NÃO","NÃO",46,"27/10/1969","","",0,0,"AUTOMOVEL","N","N","Condutor","41 a 50",""
"2016-005530046-001",2016-03-11 21:00:00.000,1,"S",3,"SEM FERIMENTOS","M","NÃO","NÃO",51,"25/02/1965","","",0,0,"AUTOMOVEL","N","N","Condutor","51 a 59",""
"2016-005530412-001",2016-03-11 18:55:00.000,1,"S",3,"SEM FERIMENTOS","M","NÃO","NÃO",25,"03/02/1991","","",0,0,"AUTOMOVEL","N","N","Condutor","25 a 30",""
"2016-005539047-001",2016-03-11 19:34:00.000,1,"S",3,"SEM FERIMENTOS","M","NÃO","NÃO",50,"08/05/1965","","",0,0,"AUTOMOVEL","N","N","Condutor","41 a 50",""
"2016-005560371-001",2016-03-12 12:05:00.000,1,"S",3,"SEM FERIMENTOS","M","NÃO","NÃO",22,"26/06/1993","","",0,0,"AUTOMOVEL","N","N","Condutor","18 a 24",""
"2016-005566550-001",2016-03-12 14:13:00.000,1,"S",3,"SEM FERIMENTOS","M","NÃO","NÃO",55,"18/12/1960","","",0,0,"AUTOMOVEL","N","N","Condutor","51 a 59",""
"2016-005568274-001",2016-03-12 13:27:00.000,1,"S",3,"SEM FERIMENTOS","M","NÃO","NÃO",30,"12/02/1986","","",0,0,"AUTOMOVEL","N","N","Condutor","25 a 30",""
"2016-005571841-001",2016-03-12 15:16:00.000,1,"S",3,"SEM FERIMENTOS","M","NÃO","NÃO",49,"05/11/1966","","",0,0,"AUTOMOVEL","N","N","Condutor","41 a 50",""
"2016-005584292-001",2016-03-12 18:16:00.000,1,"S",3,"SEM FERIMENTOS","M","NÃO","NÃO",30,"09/04/1985","","",0,0,"AUTOMOVEL","N","N","Condutor","25 a 30",""
"2016-005589674-001",2016-03-12 18:29:00.000,1,"S",3,"SEM FERIMENTOS","M","NÃO","NÃO",55,"22/02/1961","","",0,0,"AUTOMOVEL","N","N","Condutor","51 a 59",""
"2016-005607912-001",2016-03-12 23:00:00.000,1,"S",3,"SEM FERIMENTOS","M","NÃO","NÃO",54,"16/01/1962","","",0,0,"AUTOMOVEL","N","N","Condutor","51 a 59",""
"2016-005607925-001",2016-03-13 04:03:00.000,1,"S",3,"SEM FERIMENTOS","M","NÃO","NÃO",43,"10/02/1973","","",0,0,"AUTOMOVEL","N","N","Condutor","41 a 50",""
"2016-005611726-001",2016-03-13 06:57:00.000,1,"S",3,"SEM FERIMENTOS","M","NÃO","NÃO",39,"21/06/1976","","",0,0,"AUTOMOVEL","N","N","Condutor","36 a 40",""
"2016-005620980-001",2016-03-13 11:34:00.000,1,"S",3,"SEM FERIMENTOS","M","NÃO","NÃO",21,"01/11/1994","","",0,0,"AUTOMOVEL","N","N","Condutor","18 a 24",""
"2016-005623445-001",2016-03-13 10:13:00.000,1,"S",3,"SEM FERIMENTOS","M","NÃO","NÃO",46,"16/01/1970","","",0,0,"AUTOMOVEL","N","N","Condutor","41 a 50",""
"2016-005625262-001",2016-03-13 12:15:00.000,1,"S",3,"SEM FERIMENTOS","M","NÃO","NÃO",54,"24/03/1961","","",0,0,"AUTOMOVEL","N","N","Condutor","51 a 59",""
"2016-005641657-001",2016-03-13 17:44:00.000,1,"S",3,"SEM FERIMENTOS","M","NÃO","NÃO",47,"31/05/1968","","",0,0,"AUTOMOVEL","N","N","Condutor","41 a 50",""
"2016-005659107-001",2016-03-14 00:48:00.000,1,"S",3,"SEM FERIMENTOS","M","NÃO","NÃO",44,"11/08/1971","","",0,0,"AUTOMOVEL","N","N","Condutor","41 a 50",""
"2016-005659189-001",2016-03-14 00:25:00.000,1,"S",3,"SEM FERIMENTOS","M","NÃO","NÃO",51,"15/05/1964","","",0,0,"AUTOMOVEL","N","N","Condutor","51 a 59",""
"2016-005674014-001",2016-03-14 09:55:00.000,1,"S",3,"SEM FERIMENTOS","M","NÃO","NÃO",29,"03/05/1986","","",0,0,"AUTOMOVEL","N","N","Condutor","25 a 30",""
"2016-005687082-001",2016-03-14 09:08:00.000,1,"S",3,"SEM FERIMENTOS","M","NÃO","NÃO",62,"10/01/1954","","",0,0,"AUTOMOVEL","N","N","Condutor","Acima de 60",""
"2016-005701400-001",2016-03-14 10:45:00.000,1,"S",3,"SEM FERIMENTOS","M","NÃO","NÃO",30,"18/10/1985","","",0,0,"AUTOMOVEL","N","N","Condutor","25 a 30",""
"2016-005710609-001",2016-03-14 10:27:00.000,1,"S",3,"SEM FERIMENTOS","M","NÃO","NÃO",31,"09/01/1985","","",0,0,"AUTOMOVEL","N","N","Condutor","31 a 35",""
"2016-005725306-001",2016-03-14 15:07:00.000,1,"S",3,"SEM FERIMENTOS","M","NÃO","NÃO",72,"22/07/1943","","",0,0,"AUTOMOVEL","N","N","Condutor","Acima de 60",""
"2016-005731570-001",2016-03-14 16:54:00.000,1,"S",3,"SEM FERIMENTOS","M","NÃO","NÃO",32,"09/06/1983","","",0,0,"AUTOMOVEL","N","N","Condutor","31 a 35",""
"2016-005734504-001",2016-03-12 19:47:00.000,1,"S",3,"SEM FERIMENTOS","M","NÃO","NÃO",45,"24/02/1971","","",0,0,"AUTOMOVEL","N","N","Condutor","41 a 50",""
"2016-005737250-001",2016-03-14 19:06:00.000,1,"S",3,"SEM FERIMENTOS","M","NÃO","NÃO",32,"02/03/1984","","",0,0,"AUTOMOVEL","N","N","Condutor","31 a 35",""
"2016-005742830-001",2016-03-14 17:03:00.000,1,"S",3,"SEM FERIMENTOS","M","NÃO","NÃO",39,"17/07/1976","","",0,0,"AUTOMOVEL","N","N","Condutor","36 a 40",""
"2016-005743624-001",2016-03-14 19:18:00.000,1,"S",3,"SEM FERIMENTOS","M","NÃO","NÃO",51,"28/12/1964","","",0,0,"AUTOMOVEL","N","N","Condutor","51 a 59",""
"2016-005760781-001",2016-03-15 07:01:00.000,1,"S",3,"SEM FERIMENTOS","M","NÃO","NÃO",39,"22/11/1976","","",0,0,"AUTOMOVEL","N","N","Condutor","36 a 40",""
"2016-005763080-001",2016-03-15 07:07:00.000,1,"S",3,"SEM FERIMENTOS","M","NÃO","NÃO",51,"29/06/1964","","",0,0,"AUTOMOVEL","N","N","Condutor","51 a 59",""
"2016-005786883-001",2016-03-15 09:27:00.000,1,"S",3,"SEM FERIMENTOS","M","NÃO","NÃO",58,"13/10/1957","","",0,0,"AUTOMOVEL","N","N","Condutor","51 a 59",""
"2016-005806466-001",2016-03-15 15:47:00.000,1,"S",3,"SEM FERIMENTOS","M","NÃO","NÃO",25,"09/12/1990","","",0,0,"AUTOMOVEL","N","N","Condutor","25 a 30",""
"2016-005813611-001",2016-03-15 12:11:00.000,1,"S",3,"SEM FERIMENTOS","M","NÃO","NÃO",40,"13/02/1976","","",0,0,"AUTOMOVEL","N","N","Condutor","36 a 40",""
"2016-005814958-001",2016-03-15 15:34:00.000,1,"S",3,"SEM FERIMENTOS","M","NÃO","NÃO",61,"28/02/1955","","",0,0,"AUTOMOVEL","N","N","Condutor","Acima de 60",""
"2016-005830201-001",2016-03-15 15:37:00.000,1,"S",3,"SEM FERIMENTOS","M","NÃO","NÃO",57,"14/11/1958","","",0,0,"AUTOMOVEL","N","N","Condutor","51 a 59",""
"2016-005830740-001",2016-03-15 18:28:00.000,1,"S",3,"SEM FERIMENTOS","M","NÃO","NÃO",23,"30/09/1992","","",0,0,"AUTOMOVEL","N","N","Condutor","18 a 24",""
"2016-005833807-001",2016-03-15 18:47:00.000,1,"S",3,"SEM FERIMENTOS","M","NÃO","NÃO",29,"14/08/1986","","",0,0,"AUTOMOVEL","N","N","Condutor","25 a 30",""
"2016-005836211-001",2016-03-15 20:26:00.000,1,"S",3,"SEM FERIMENTOS","M","NÃO","NÃO",20,"05/06/1995","","",0,0,"AUTOMOVEL","N","N","Condutor","18 a 24",""
"2016-005843659-001",2016-03-15 23:11:00.000,1,"S",3,"SEM FERIMENTOS","M","NÃO","NÃO",44,"20/01/1972","","",0,0,"AUTOMOVEL","N","N","Condutor","41 a 50",""
"2016-005859138-001",2016-03-16 08:05:00.000,1,"S",3,"SEM FERIMENTOS","M","NÃO","NÃO",47,"20/09/1968","","",0,0,"AUTOMOVEL","N","N","Condutor","41 a 50",""
"2016-005863872-001",2016-03-16 10:29:00.000,1,"S",3,"SEM FERIMENTOS","M","NÃO","NÃO",52,"13/06/1963","","",0,0,"AUTOMOVEL","N","N","Condutor","51 a 59",""
"2016-005866008-001",2016-03-16 10:52:00.000,1,"S",3,"SEM FERIMENTOS","M","NÃO","NÃO",50,"23/03/1965","","",0,0,"AUTOMOVEL","N","N","Condutor","41 a 50",""
"2016-005876254-001",2016-03-16 12:37:00.000,1,"S",3,"SEM FERIMENTOS","M","NÃO","NÃO",43,"19/02/1973","","",0,0,"AUTOMOVEL","N","N","Condutor","41 a 50",""
"2016-005892285-001",2016-03-16 13:02:00.000,1,"S",3,"SEM FERIMENTOS","M","NÃO","NÃO",21,"20/07/1994","","",0,0,"AUTOMOVEL","N","N","Condutor","18 a 24",""
"2016-005900621-001",2016-03-16 16:13:00.000,1,"S",3,"SEM FERIMENTOS","M","NÃO","NÃO",63,"17/05/1952","","",0,0,"AUTOMOVEL","N","N","Condutor","Acima de 60",""
"2016-005902031-001",2016-03-16 15:46:00.000,1,"S",3,"SEM FERIMENTOS","M","NÃO","NÃO",25,"10/03/1991","","",0,0,"AUTOMOVEL","N","N","Condutor","25 a 30",""
"2016-005914757-001",2016-03-16 19:04:00.000,1,"S",3,"SEM FERIMENTOS","M","NÃO","NÃO",60,"05/04/1955","","",0,0,"AUTOMOVEL","N","N","Condutor","Acima de 60",""
"2016-005917999-001",2016-03-16 18:48:00.000,1,"S",3,"SEM FERIMENTOS","M","NÃO","NÃO",47,"13/08/1968","","",0,0,"AUTOMOVEL","N","N","Condutor","41 a 50",""
"2016-005931804-001",2016-03-16 22:09:00.000,1,"S",3,"SEM FERIMENTOS","M","NÃO","NÃO",48,"02/07/1967","","",0,0,"AUTOMOVEL","N","N","Condutor","41 a 50",""
"2016-005937764-002",2016-03-17 06:22:00.000,1,"S",3,"SEM FERIMENTOS","M","NÃO","NÃO",66,"24/09/1949","","",0,0,"AUTOMOVEL","N","N","Condutor","Acima de 60",""
"2016-005940050-001",2016-03-26 12:26:00.000,1,"S",3,"SEM FERIMENTOS","M","NÃO","NÃO",30,"19/06/1985","","",0,0,"AUTOMOVEL","N","N","Condutor","25 a 30",""
"2016-005945892-001",2016-03-17 08:16:00.000,1,"S",3,"SEM FERIMENTOS","M","NÃO","NÃO",47,"25/08/1968","","",0,0,"AUTOMOVEL","N","N","Condutor","41 a 50",""
"2016-005946793-001",2016-03-17 08:00:00.000,1,"S",3,"SEM FERIMENTOS","M","NÃO","NÃO",41,"17/07/1974","","",0,0,"AUTOMOVEL","N","N","Condutor","41 a 50",""
"2016-005999948-001",2016-03-17 18:21:00.000,1,"S",3,"SEM FERIMENTOS","M","NÃO","NÃO",41,"13/05/1974","","",0,0,"AUTOMOVEL","N","N","Condutor","41 a 50",""
"2016-006000149-001",2016-03-17 19:27:00.000,1,"S",3,"SEM FERIMENTOS","M","NÃO","NÃO",39,"26/09/1976","","",0,0,"AUTOMOVEL","N","N","Condutor","36 a 40",""
"2016-006002661-001",2016-03-17 15:58:00.000,1,"S",3,"SEM FERIMENTOS","M","NÃO","NÃO",43,"18/08/1972","","",0,0,"AUTOMOVEL","N","N","Condutor","41 a 50",""
"2016-006029441-001",2016-03-18 08:10:00.000,1,"S",3,"SEM FERIMENTOS","M","NÃO","NÃO",39,"21/10/1976","","",0,0,"AUTOMOVEL","N","N","Condutor","36 a 40",""
"2016-006047835-001",2016-03-18 13:20:00.000,1,"S",3,"SEM FERIMENTOS","M","NÃO","NÃO",21,"14/07/1994","","",0,0,"AUTOMOVEL","N","N","Condutor","18 a 24",""
"2016-006053951-001",2016-03-18 12:27:00.000,1,"S",3,"SEM FERIMENTOS","M","NÃO","NÃO",25,"21/05/1990","","",0,0,"AUTOMOVEL","N","N","Condutor","25 a 30",""
"2016-006083462-001",2016-03-18 18:57:00.000,1,"S",3,"SEM FERIMENTOS","M","NÃO","NÃO",29,"10/06/1986","","",0,0,"AUTOMOVEL","N","N","Condutor","25 a 30",""
"2016-006089171-001",2016-03-18 15:16:00.000,1,"S",3,"SEM FERIMENTOS","M","NÃO","NÃO",46,"11/02/1970","","",0,0,"AUTOMOVEL","N","N","Condutor","41 a 50",""
"2016-006112557-001",2016-03-19 06:58:00.000,1,"S",3,"SEM FERIMENTOS","M","NÃO","NÃO",32,"02/04/1983","","",0,0,"AUTOMOVEL","N","N","Condutor","31 a 35",""
"2016-006113053-002",2016-03-19 05:17:00.000,1,"S",3,"SEM FERIMENTOS","M","NÃO","NÃO",21,"26/07/1994","","",0,0,"AUTOMOVEL","N","N","Condutor","18 a 24",""
"2016-006115065-002",2016-03-19 08:20:00.000,1,"S",3,"SEM FERIMENTOS","M","NÃO","NÃO",59,"20/12/1956","","",0,0,"AUTOMOVEL","N","N","Condutor","51 a 59",""
"2016-006126366-001",2016-03-19 13:25:00.000,1,"S",3,"SEM FERIMENTOS","M","NÃO","NÃO",66,"12/08/1949","","",0,0,"AUTOMOVEL","N","N","Condutor","Acima de 60",""
"2016-006128196-001",2016-03-19 12:11:00.000,1,"S",3,"SEM FERIMENTOS","M","NÃO","NÃO",42,"01/09/1973","","",0,0,"AUTOMOVEL","N","N","Condutor","41 a 50",""
"2016-006128757-001",2016-03-19 15:04:00.000,1,"S",3,"SEM FERIMENTOS","M","NÃO","NÃO",50,"19/03/1966","","",0,0,"AUTOMOVEL","N","N","Condutor","41 a 50",""
"2016-006134964-001",2016-03-19 16:01:00.000,1,"S",3,"SEM FERIMENTOS","M","NÃO","NÃO",22,"15/08/1993","","",0,0,"AUTOMOVEL","N","N","Condutor","18 a 24",""
"2016-006150092-001",2016-03-19 20:58:00.000,1,"S",3,"SEM FERIMENTOS","M","NÃO","NÃO",22,"07/06/1993","","",0,0,"AUTOMOVEL","N","N","Condutor","18 a 24",""
"2016-006153343-001",2016-03-19 22:00:00.000,1,"S",3,"SEM FERIMENTOS","M","NÃO","NÃO",32,"08/11/1983","","",0,0,"AUTOMOVEL","N","N","Condutor","31 a 35",""
"2016-006177070-001",2016-03-20 10:10:00.000,1,"S",3,"SEM FERIMENTOS","M","NÃO","NÃO",30,"03/07/1985","","",0,0,"AUTOMOVEL","N","N","Condutor","25 a 30",""
"2016-006183469-001",2016-03-20 12:54:00.000,1,"S",3,"SEM FERIMENTOS","M","NÃO","NÃO",49,"20/06/1966","","",0,0,"AUTOMOVEL","N","N","Condutor","41 a 50",""
"2016-006185637-001",2016-03-20 13:50:00.000,1,"S",3,"SEM FERIMENTOS","M","NÃO","NÃO",23,"09/12/1992","","",0,0,"AUTOMOVEL","N","N","Condutor","18 a 24",""
"2016-006195842-001",2016-03-20 17:45:00.000,1,"S",3,"SEM FERIMENTOS","M","NÃO","NÃO",32,"22/08/1983","","",0,0,"AUTOMOVEL","N","N","Condutor","31 a 35",""
"2016-006199552-001",2016-03-20 17:40:00.000,1,"S",3,"SEM FERIMENTOS","M","NÃO","NÃO",67,"11/10/1948","","",0,0,"AUTOMOVEL","N","N","Condutor","Acima de 60",""
"2016-006201841-001",2016-03-20 17:37:00.000,1,"S",3,"SEM FERIMENTOS","M","NÃO","NÃO",40,"16/01/1976","","",0,0,"AUTOMOVEL","N","N","Condutor","36 a 40",""
"2016-006202244-001",2016-03-20 18:14:00.000,1,"S",3,"SEM FERIMENTOS","M","NÃO","NÃO",22,"16/09/1993","","",0,0,"AUTOMOVEL","N","N","Condutor","18 a 24",""
"2016-006207773-001",2016-03-20 21:07:00.000,1,"S",3,"SEM FERIMENTOS","M","NÃO","NÃO",43,"25/09/1972","","",0,0,"AUTOMOVEL","N","N","Condutor","41 a 50",""
"2016-006208399-001",2016-03-20 19:20:00.000,1,"S",3,"SEM FERIMENTOS","M","NÃO","NÃO",55,"17/05/1960","","",0,0,"AUTOMOVEL","N","N","Condutor","51 a 59",""
"2016-006215438-001",2016-03-21 00:09:00.000,1,"S",3,"SEM FERIMENTOS","M","NÃO","NÃO",55,"22/11/1960","","",0,0,"AUTOMOVEL","N","N","Condutor","51 a 59",""
"2016-006226741-001",2016-03-21 06:30:00.000,1,"S",3,"SEM FERIMENTOS","M","NÃO","NÃO",42,"13/07/1973","","",0,0,"AUTOMOVEL","N","N","Condutor","41 a 50",""
"2016-006230386-001",2016-03-21 09:13:00.000,1,"S",3,"SEM FERIMENTOS","M","NÃO","NÃO",32,"30/06/1983","","",0,0,"AUTOMOVEL","N","N","Condutor","31 a 35",""
"2016-006231023-001",2016-03-18 18:20:00.000,1,"S",3,"SEM FERIMENTOS","M","NÃO","NÃO",43,"02/05/1972","","",0,0,"AUTOMOVEL","N","N","Condutor","41 a 50",""
"2016-006271404-001",2016-03-21 13:24:00.000,1,"S",3,"SEM FERIMENTOS","M","NÃO","NÃO",57,"27/02/1959","","",0,0,"AUTOMOVEL","N","N","Condutor","51 a 59",""
"2016-006278462-001",2016-03-21 16:32:00.000,1,"S",3,"SEM FERIMENTOS","M","NÃO","NÃO",29,"22/10/1986","","",0,0,"AUTOMOVEL","N","N","Condutor","25 a 30",""
"2016-006285674-001",2016-03-21 15:49:00.000,1,"S",3,"SEM FERIMENTOS","M","NÃO","NÃO",42,"23/01/1974","","",0,0,"AUTOMOVEL","N","N","Condutor","41 a 50",""
"2016-006296320-001",2016-03-21 17:49:00.000,1,"S",3,"SEM FERIMENTOS","M","NÃO","NÃO",47,"09/02/1969","","",0,0,"AUTOMOVEL","N","N","Condutor","41 a 50",""
"2016-006324749-001",2016-03-22 08:45:00.000,1,"S",3,"SEM FERIMENTOS","M","NÃO","NÃO",47,"25/09/1968","","",0,0,"AUTOMOVEL","N","N","Condutor","41 a 50",""
"2016-006337920-001",2016-03-22 08:28:00.000,1,"S",3,"SEM FERIMENTOS","M","NÃO","NÃO",32,"29/02/1984","","",0,0,"AUTOMOVEL","N","N","Condutor","31 a 35",""
"2016-006351165-001",2016-03-22 11:56:00.000,1,"S",3,"SEM FERIMENTOS","M","NÃO","NÃO",66,"04/01/1950","","",0,0,"AUTOMOVEL","N","N","Condutor","Acima de 60",""
"2016-006354460-001",2016-03-22 13:02:00.000,1,"S",3,"SEM FERIMENTOS","M","NÃO","NÃO",56,"02/11/1959","","",0,0,"AUTOMOVEL","N","N","Condutor","51 a 59",""
"2016-006400880-001",2016-03-22 20:08:00.000,1,"S",3,"SEM FERIMENTOS","M","NÃO","NÃO",45,"30/11/1970","","",0,0,"AUTOMOVEL","N","N","Condutor","41 a 50",""
"2016-006401606-001",2016-03-22 20:04:00.000,1,"S",3,"SEM FERIMENTOS","M","NÃO","NÃO",46,"17/11/1969","","",0,0,"AUTOMOVEL","N","N","Condutor","41 a 50",""
"2016-006410284-001",2016-03-23 06:52:00.000,1,"S",3,"SEM FERIMENTOS","M","NÃO","NÃO",22,"10/12/1993","","",0,0,"AUTOMOVEL","N","N","Condutor","18 a 24",""
"2016-006447802-001",2016-03-23 13:35:00.000,1,"S",3,"SEM FERIMENTOS","M","NÃO","NÃO",32,"23/09/1983","","",0,0,"AUTOMOVEL","N","N","Condutor","31 a 35",""
"2016-006464368-001",2016-03-23 17:40:00.000,1,"S",3,"SEM FERIMENTOS","M","NÃO","NÃO",51,"22/07/1964","","",0,0,"AUTOMOVEL","N","N","Condutor","51 a 59",""
"2016-006476228-001",2016-03-23 17:47:00.000,1,"S",3,"SEM FERIMENTOS","M","NÃO","NÃO",66,"26/07/1949","","",0,0,"AUTOMOVEL","N","N","Condutor","Acima de 60",""
"2016-006481588-001",2016-03-23 14:09:00.000,1,"S",3,"SEM FERIMENTOS","M","NÃO","NÃO",32,"20/11/1983","","",0,0,"AUTOMOVEL","N","N","Condutor","31 a 35",""
"2016-006523418-001",2016-03-24 13:38:00.000,1,"S",3,"SEM FERIMENTOS","M","NÃO","NÃO",29,"24/03/1987","","",0,0,"AUTOMOVEL","N","N","Condutor","25 a 30",""
"2016-006529246-001",2016-03-24 15:55:00.000,1,"S",3,"SEM FERIMENTOS","M","NÃO","NÃO",21,"13/05/1994","","",0,0,"AUTOMOVEL","N","N","Condutor","18 a 24",""
"2016-006572975-001",2016-03-25 10:29:00.000,1,"S",3,"SEM FERIMENTOS","M","NÃO","NÃO",45,"14/03/1971","","",0,0,"AUTOMOVEL","N","N","Condutor","41 a 50",""
"2016-006617172-001",2016-03-26 06:32:00.000,1,"S",3,"SEM FERIMENTOS","M","NÃO","NÃO",44,"18/02/1972","","",0,0,"AUTOMOVEL","N","N","Condutor","41 a 50",""
"2016-006650040-001",2016-03-26 18:42:00.000,1,"S",3,"SEM FERIMENTOS","M","NÃO","NÃO",19,"17/07/1996","","",0,0,"AUTOMOVEL","N","N","Condutor","18 a 24",""
"2016-006655814-001",2016-03-26 18:41:00.000,1,"S",3,"SEM FERIMENTOS","M","NÃO","NÃO",43,"20/05/1972","","",0,0,"AUTOMOVEL","N","N","Condutor","41 a 50",""
"2016-006661627-001",2016-03-26 21:34:00.000,1,"S",3,"SEM FERIMENTOS","M","NÃO","NÃO",39,"20/12/1976","","",0,0,"AUTOMOVEL","N","N","Condutor","36 a 40",""
"2016-006681446-001",2016-03-27 09:07:00.000,1,"S",3,"SEM FERIMENTOS","M","NÃO","NÃO",31,"14/04/1984","","",0,0,"AUTOMOVEL","N","N","Condutor","31 a 35",""
"2016-006688780-001",2016-03-27 10:24:00.000,1,"S",3,"SEM FERIMENTOS","M","NÃO","NÃO",40,"28/04/1975","","",0,0,"AUTOMOVEL","N","N","Condutor","36 a 40",""
"2016-006691231-001",2016-03-27 14:34:00.000,1,"S",3,"SEM FERIMENTOS","M","NÃO","NÃO",38,"19/06/1977","","",0,0,"AUTOMOVEL","N","N","Condutor","36 a 40",""
"2016-006695296-001",2016-03-27 14:50:00.000,1,"S",3,"SEM FERIMENTOS","M","NÃO","NÃO",53,"01/10/1962","","",0,0,"AUTOMOVEL","N","N","Condutor","51 a 59",""
"2016-006709720-001",2016-03-27 19:16:00.000,1,"S",3,"SEM FERIMENTOS","M","NÃO","NÃO",52,"17/05/1963","","",0,0,"AUTOMOVEL","N","N","Condutor","51 a 59",""
"2016-006712921-001",2016-03-23 16:02:00.000,1,"S",3,"SEM FERIMENTOS","M","NÃO","NÃO",59,"27/10/1956","","",0,0,"AUTOMOVEL","N","N","Condutor","51 a 59",""
"2016-006733968-001",2016-03-28 07:56:00.000,1,"S",3,"SEM FERIMENTOS","M","NÃO","NÃO",44,"15/09/1971","","",0,0,"AUTOMOVEL","N","N","Condutor","41 a 50",""
"2016-006735205-001",2016-03-15 22:00:00.000,1,"S",3,"SEM FERIMENTOS","M","NÃO","NÃO",32,"26/07/1983","","",0,0,"AUTOMOVEL","N","N","Condutor","31 a 35",""
"2016-006738722-001",2016-03-28 08:35:00.000,1,"S",3,"SEM FERIMENTOS","M","NÃO","NÃO",23,"25/04/1992","","",0,0,"AUTOMOVEL","N","N","Condutor","18 a 24",""
"2016-006808748-001",2016-03-28 19:27:00.000,1,"S",3,"SEM FERIMENTOS","M","NÃO","NÃO",44,"03/01/1972","","",0,0,"AUTOMOVEL","N","N","Condutor","41 a 50",""
"2016-006811271-001",2016-03-28 20:09:00.000,1,"S",3,"SEM FERIMENTOS","M","NÃO","NÃO",30,"14/09/1985","","",0,0,"AUTOMOVEL","N","N","Condutor","25 a 30",""
"2016-006816891-001",2016-03-28 20:49:00.000,1,"S",3,"SEM FERIMENTOS","M","NÃO","NÃO",59,"06/12/1956","","",0,0,"AUTOMOVEL","N","N","Condutor","51 a 59",""
"2016-006834902-001",2016-03-29 07:45:00.000,1,"S",3,"SEM FERIMENTOS","M","NÃO","NÃO",25,"20/03/1991","","",0,0,"AUTOMOVEL","N","N","Condutor","25 a 30",""
"2016-006854082-001",2016-03-29 08:32:00.000,1,"S",3,"SEM FERIMENTOS","M","NÃO","NÃO",46,"07/11/1969","","",0,0,"AUTOMOVEL","N","N","Condutor","41 a 50",""
"2016-006865750-001",2016-03-29 12:25:00.000,1,"S",3,"SEM FERIMENTOS","M","NÃO","NÃO",57,"16/08/1958","","",0,0,"AUTOMOVEL","N","N","Condutor","51 a 59",""
"2016-006890411-001",2016-03-29 16:14:00.000,1,"S",3,"SEM FERIMENTOS","M","NÃO","NÃO",24,"17/07/1991","","",0,0,"AUTOMOVEL","N","N","Condutor","18 a 24",""
"2016-006892633-001",2016-03-29 13:43:00.000,1,"S",3,"SEM FERIMENTOS","M","NÃO","NÃO",48,"21/10/1967","","",0,0,"AUTOMOVEL","N","N","Condutor","41 a 50",""
"2016-006913509-001",2016-03-29 18:48:00.000,1,"S",3,"SEM FERIMENTOS","M","NÃO","NÃO",44,"09/06/1971","","",0,0,"AUTOMOVEL","N","N","Condutor","41 a 50",""
"2016-006914230-001",2016-03-29 22:19:00.000,1,"S",3,"SEM FERIMENTOS","M","NÃO","NÃO",20,"03/08/1995","","",0,0,"AUTOMOVEL","N","N","Condutor","18 a 24",""
"2016-006920266-001",2016-03-30 01:15:00.000,1,"S",3,"SEM FERIMENTOS","M","NÃO","NÃO",44,"02/08/1971","","",0,0,"AUTOMOVEL","N","N","Condutor","41 a 50",""
"2016-006937420-001",2016-03-30 09:34:00.000,1,"S",3,"SEM FERIMENTOS","M","NÃO","NÃO",67,"05/03/1949","","",0,0,"AUTOMOVEL","N","N","Condutor","Acima de 60",""
"2016-006937655-001",2016-03-30 10:11:00.000,1,"S",3,"SEM FERIMENTOS","M","NÃO","NÃO",41,"04/09/1974","","",0,0,"AUTOMOVEL","N","N","Condutor","41 a 50",""
"2016-006940477-001",2016-03-30 07:36:00.000,1,"S",3,"SEM FERIMENTOS","M","NÃO","NÃO",23,"28/12/1992","","",0,0,"AUTOMOVEL","N","N","Condutor","18 a 24",""
"2016-006975316-001",2016-03-30 16:37:00.000,1,"S",3,"SEM FERIMENTOS","M","NÃO","NÃO",32,"28/11/1983","","",0,0,"AUTOMOVEL","N","N","Condutor","31 a 35",""
"2016-006985889-001",2016-03-30 18:42:00.000,1,"S",3,"SEM FERIMENTOS","M","NÃO","NÃO",24,"19/12/1991","","",0,0,"AUTOMOVEL","N","N","Condutor","18 a 24",""
"2016-006987167-001",2016-03-30 16:57:00.000,1,"S",3,"SEM FERIMENTOS","M","NÃO","NÃO",39,"05/12/1976","","",0,0,"AUTOMOVEL","N","N","Condutor","36 a 40",""
"2016-007013301-001",2016-03-31 07:23:00.000,1,"S",3,"SEM FERIMENTOS","M","NÃO","NÃO",30,"10/04/1985","","",0,0,"AUTOMOVEL","N","N","Condutor","25 a 30",""
"2016-007025479-001",2016-03-31 09:43:00.000,1,"S",3,"SEM FERIMENTOS","M","NÃO","NÃO",48,"15/10/1967","","",0,0,"AUTOMOVEL","N","N","Condutor","41 a 50",""
"2016-007037840-001",2016-03-31 12:12:00.000,1,"S",3,"SEM FERIMENTOS","M","NÃO","NÃO",52,"05/06/1963","","",0,0,"AUTOMOVEL","N","N","Condutor","51 a 59",""
"2016-007039667-001",2016-03-31 11:07:00.000,1,"S",3,"SEM FERIMENTOS","M","NÃO","NÃO",39,"29/09/1976","","",0,0,"AUTOMOVEL","N","N","Condutor","36 a 40",""
"2016-007042539-001",2016-03-31 10:19:00.000,1,"S",3,"SEM FERIMENTOS","M","NÃO","NÃO",30,"10/10/1985","","",0,0,"AUTOMOVEL","N","N","Condutor","25 a 30",""
"2016-007044293-001",2016-03-31 10:47:00.000,1,"S",3,"SEM FERIMENTOS","M","NÃO","NÃO",58,"29/04/1957","","",0,0,"AUTOMOVEL","N","N","Condutor","51 a 59",""
"2016-007046095-001",2016-03-31 14:08:00.000,1,"S",3,"SEM FERIMENTOS","M","NÃO","NÃO",54,"04/05/1961","","",0,0,"AUTOMOVEL","N","N","Condutor","51 a 59",""
"2016-007065925-001",2016-03-31 16:25:00.000,1,"S",3,"SEM FERIMENTOS","M","NÃO","NÃO",41,"14/11/1974","","",0,0,"AUTOMOVEL","N","N","Condutor","41 a 50",""
"2016-007093227-001",2016-03-31 21:05:00.000,1,"S",3,"SEM FERIMENTOS","M","NÃO","NÃO",53,"02/01/1963","","",0,0,"AUTOMOVEL","N","N","Condutor","51 a 59",""
"2016-007103419-001",2016-03-31 21:20:00.000,1,"S",3,"SEM FERIMENTOS","M","NÃO","NÃO",56,"08/05/1959","","",0,0,"AUTOMOVEL","N","N","Condutor","51 a 59",""
"2016-007117202-001",2016-04-01 07:45:00.000,1,"S",3,"SEM FERIMENTOS","M","NÃO","NÃO",22,"31/01/1994","","",0,0,"AUTOMOVEL","N","N","Condutor","18 a 24",""
"2016-007173081-001",2016-04-01 19:32:00.000,1,"S",3,"SEM FERIMENTOS","M","NÃO","NÃO",48,"27/09/1967","","",0,0,"AUTOMOVEL","N","N","Condutor","41 a 50",""
"2016-007177378-001",2016-04-01 19:35:00.000,1,"S",3,"SEM FERIMENTOS","M","NÃO","NÃO",41,"06/04/1974","","",0,0,"AUTOMOVEL","N","N","Condutor","41 a 50",""
"2016-007182719-001",2016-04-01 22:24:00.000,1,"S",3,"SEM FERIMENTOS","M","NÃO","NÃO",70,"08/05/1945","","",0,0,"AUTOMOVEL","N","N","Condutor","Acima de 60",""
"2016-007183388-001",2016-04-01 19:14:00.000,1,"S",3,"SEM FERIMENTOS","M","NÃO","NÃO",52,"14/02/1964","","",0,0,"AUTOMOVEL","N","N","Condutor","51 a 59",""
"2016-007184370-001",2016-04-01 22:05:00.000,1,"S",3,"SEM FERIMENTOS","M","NÃO","NÃO",50,"19/04/1965","","",0,0,"AUTOMOVEL","N","N","Condutor","41 a 50",""
"2016-007189946-001",2016-04-01 23:32:00.000,1,"S",3,"SEM FERIMENTOS","M","NÃO","NÃO",30,"22/02/1986","","",0,0,"AUTOMOVEL","N","N","Condutor","25 a 30",""
"2016-007200180-001",2016-04-02 06:00:00.000,1,"S",3,"SEM FERIMENTOS","M","NÃO","NÃO",44,"12/06/1971","","",0,0,"AUTOMOVEL","N","N","Condutor","41 a 50",""
"2016-007204526-001",2016-04-02 08:49:00.000,1,"S",3,"SEM FERIMENTOS","M","NÃO","NÃO",41,"30/10/1974","","",0,0,"AUTOMOVEL","N","N","Condutor","41 a 50",""
"2016-007212275-001",2016-04-02 09:52:00.000,1,"S",3,"SEM FERIMENTOS","M","NÃO","NÃO",30,"19/01/1986","","",0,0,"AUTOMOVEL","N","N","Condutor","25 a 30",""
"2016-007214365-001",2016-04-02 09:06:00.000,1,"S",3,"SEM FERIMENTOS","M","NÃO","NÃO",42,"23/10/1973","","",0,0,"AUTOMOVEL","N","N","Condutor","41 a 50",""
"2016-007241509-001",2016-04-02 20:39:00.000,1,"S",3,"SEM FERIMENTOS","M","NÃO","NÃO",48,"27/10/1967","","",0,0,"AUTOMOVEL","N","N","Condutor","41 a 50",""
"2016-007242689-001",2016-04-02 19:45:00.000,1,"S",3,"SEM FERIMENTOS","M","NÃO","NÃO",19,"23/05/1996","","",0,0,"AUTOMOVEL","N","N","Condutor","18 a 24",""
"2016-007245851-001",2016-04-02 21:51:00.000,1,"S",3,"SEM FERIMENTOS","M","NÃO","NÃO",52,"07/12/1963","","",0,0,"AUTOMOVEL","N","N","Condutor","51 a 59",""
"2016-007250070-001",2016-04-02 21:01:00.000,1,"S",3,"SEM FERIMENTOS","M","NÃO","NÃO",47,"21/02/1969","","",0,0,"AUTOMOVEL","N","N","Condutor","41 a 50",""
"2016-007253243-001",2016-04-03 00:48:00.000,1,"S",3,"SEM FERIMENTOS","M","NÃO","NÃO",21,"24/11/1994","","",0,0,"AUTOMOVEL","N","N","Condutor","18 a 24",""
"2016-007256704-001",2016-04-03 03:36:00.000,1,"S",3,"SEM FERIMENTOS","M","NÃO","NÃO",24,"21/01/1992","","",0,0,"AUTOMOVEL","N","N","Condutor","18 a 24",""
"2016-007293938-001",2016-04-03 19:51:00.000,1,"S",3,"SEM FERIMENTOS","M","NÃO","NÃO",32,"08/07/1983","","",0,0,"AUTOMOVEL","N","N","Condutor","31 a 35",""
"2016-007345858-001",2016-04-04 09:29:00.000,1,"S",3,"SEM FERIMENTOS","M","NÃO","NÃO",51,"20/05/1964","","",0,0,"AUTOMOVEL","N","N","Condutor","51 a 59",""
"2016-007359626-001",2016-04-04 11:01:00.000,1,"S",3,"SEM FERIMENTOS","M","NÃO","NÃO",62,"01/06/1953","","",0,0,"AUTOMOVEL","N","N","Condutor","Acima de 60",""
"2016-007390683-001",2016-04-04 18:42:00.000,1,"S",3,"SEM FERIMENTOS","M","NÃO","NÃO",31,"19/03/1985","","",0,0,"AUTOMOVEL","N","N","Condutor","31 a 35",""
"2016-007390840-001",2016-04-04 15:20:00.000,1,"S",3,"SEM FERIMENTOS","M","NÃO","NÃO",30,"03/01/1986","","",0,0,"AUTOMOVEL","N","N","Condutor","25 a 30",""
"2016-007395281-001",2016-04-04 16:44:00.000,1,"S",3,"SEM FERIMENTOS","M","NÃO","NÃO",56,"29/02/1960","","",0,0,"AUTOMOVEL","N","N","Condutor","51 a 59",""
"2016-007400938-001",2016-04-04 21:56:00.000,1,"S",3,"SEM FERIMENTOS","M","NÃO","NÃO",72,"28/09/1943","","",0,0,"AUTOMOVEL","N","N","Condutor","Acima de 60",""
"2016-007404607-001",2016-04-04 22:22:00.000,1,"S",3,"SEM FERIMENTOS","M","NÃO","NÃO",20,"29/04/1995","","",0,0,"AUTOMOVEL","N","N","Condutor","18 a 24",""
"2016-007418128-001",2016-04-05 07:45:00.000,1,"S",3,"SEM FERIMENTOS","M","NÃO","NÃO",29,"06/06/1986","","",0,0,"AUTOMOVEL","N","N","Condutor","25 a 30",""
"2016-007436490-001",2016-04-05 11:10:00.000,1,"S",3,"SEM FERIMENTOS","M","NÃO","NÃO",38,"01/05/1977","","",0,0,"AUTOMOVEL","N","N","Condutor","36 a 40",""
"2016-007458580-001",2016-04-05 12:12:00.000,1,"S",3,"SEM FERIMENTOS","M","NÃO","NÃO",38,"18/12/1977","","",0,0,"AUTOMOVEL","N","N","Condutor","36 a 40",""
"2016-007463618-001",2016-04-05 11:35:00.000,1,"S",3,"SEM FERIMENTOS","M","NÃO","NÃO",31,"04/12/1984","","",0,0,"AUTOMOVEL","N","N","Condutor","31 a 35",""
"2016-007469418-001",2016-04-05 17:01:00.000,1,"S",3,"SEM FERIMENTOS","M","NÃO","NÃO",53,"21/01/1963","","",0,0,"AUTOMOVEL","N","N","Condutor","51 a 59",""
"2016-007488100-001",2016-04-05 19:21:00.000,1,"S",3,"SEM FERIMENTOS","M","NÃO","NÃO",46,"08/03/1970","","",0,0,"AUTOMOVEL","N","N","Condutor","41 a 50",""
"2016-007490874-001",2016-04-05 20:53:00.000,1,"S",3,"SEM FERIMENTOS","M","NÃO","NÃO",43,"14/01/1973","","",0,0,"AUTOMOVEL","N","N","Condutor","41 a 50",""
"2016-007521247-001",2016-04-06 06:52:00.000,1,"S",3,"SEM FERIMENTOS","M","NÃO","NÃO",70,"24/01/1946","","",0,0,"AUTOMOVEL","N","N","Condutor","Acima de 60",""
"2016-007540005-001",2016-04-06 13:23:00.000,1,"S",3,"SEM FERIMENTOS","M","NÃO","NÃO",42,"23/12/1973","","",0,0,"AUTOMOVEL","N","N","Condutor","41 a 50",""
"2016-007543457-001",2016-04-06 12:27:00.000,1,"S",3,"SEM FERIMENTOS","M","NÃO","NÃO",42,"03/05/1973","","",0,0,"AUTOMOVEL","N","N","Condutor","41 a 50",""
"2016-007585943-001",2016-04-06 21:19:00.000,1,"S",3,"SEM FERIMENTOS","M","NÃO","NÃO",29,"16/10/1986","","",0,0,"AUTOMOVEL","N","N","Condutor","25 a 30",""
"2016-007639182-001",2016-04-07 12:29:00.000,1,"S",3,"SEM FERIMENTOS","M","NÃO","NÃO",23,"08/07/1992","","",0,0,"AUTOMOVEL","N","N","Condutor","18 a 24",""
"2016-007651293-001",2016-04-07 16:42:00.000,1,"S",3,"SEM FERIMENTOS","M","NÃO","NÃO",53,"25/07/1962","","",0,0,"AUTOMOVEL","N","N","Condutor","51 a 59",""
"2016-007666943-001",2016-04-07 19:15:00.000,1,"S",3,"SEM FERIMENTOS","M","NÃO","NÃO",63,"21/05/1952","","",0,0,"AUTOMOVEL","N","N","Condutor","Acima de 60",""
"2016-007667675-001",2016-04-07 21:02:00.000,1,"S",3,"SEM FERIMENTOS","M","NÃO","NÃO",41,"18/05/1974","","",0,0,"AUTOMOVEL","N","N","Condutor","41 a 50",""
"2016-007687319-001",2016-04-08 05:51:00.000,1,"S",3,"SEM FERIMENTOS","M","NÃO","NÃO",39,"15/04/1976","","",0,0,"AUTOMOVEL","N","N","Condutor","36 a 40",""
"2016-007700021-001",2016-04-08 06:53:00.000,1,"S",3,"SEM FERIMENTOS","M","NÃO","NÃO",39,"11/06/1976","","",0,0,"AUTOMOVEL","N","N","Condutor","36 a 40",""
"2016-007739122-001",2016-04-08 16:59:00.000,1,"S",3,"SEM FERIMENTOS","M","NÃO","NÃO",30,"02/01/1986","","",0,0,"AUTOMOVEL","N","N","Condutor","25 a 30",""
"2016-007744140-001",2016-04-08 16:05:00.000,1,"S",3,"SEM FERIMENTOS","M","NÃO","NÃO",31,"02/06/1984","","",0,0,"AUTOMOVEL","N","N","Condutor","31 a 35",""
"2016-007747131-001",2016-04-08 18:15:00.000,1,"S",3,"SEM FERIMENTOS","M","NÃO","NÃO",19,"27/06/1996","","",0,0,"AUTOMOVEL","N","N","Condutor","18 a 24",""
"2016-007751600-001",2016-04-08 21:04:00.000,1,"S",3,"SEM FERIMENTOS","M","NÃO","NÃO",30,"29/09/1985","","",0,0,"AUTOMOVEL","N","N","Condutor","25 a 30",""
"2016-007755727-001",2016-04-08 19:18:00.000,1,"S",3,"SEM FERIMENTOS","M","NÃO","NÃO",45,"09/04/1971","","",0,0,"AUTOMOVEL","N","N","Condutor","41 a 50",""
"2016-007760011-001",2016-04-08 18:26:00.000,1,"S",3,"SEM FERIMENTOS","M","NÃO","NÃO",42,"06/10/1973","","",0,0,"AUTOMOVEL","N","N","Condutor","41 a 50",""
"2016-007765120-001",2016-04-08 22:53:00.000,1,"S",3,"SEM FERIMENTOS","M","NÃO","NÃO",31,"21/03/1985","","",0,0,"AUTOMOVEL","N","N","Condutor","31 a 35",""
"2016-007782667-001",2016-04-09 10:09:00.000,1,"S",3,"SEM FERIMENTOS","M","NÃO","NÃO",29,"17/12/1986","","",0,0,"AUTOMOVEL","N","N","Condutor","25 a 30",""
"2016-007787369-001",2016-04-09 09:30:00.000,1,"S",3,"SEM FERIMENTOS","M","NÃO","NÃO",52,"30/09/1963","","",0,0,"AUTOMOVEL","N","N","Condutor","51 a 59",""
"2016-007795588-001",2016-04-09 12:06:00.000,1,"S",3,"SEM FERIMENTOS","M","NÃO","NÃO",66,"24/06/1949","","",0,0,"AUTOMOVEL","N","N","Condutor","Acima de 60",""
"2016-007795807-001",2016-04-09 08:35:00.000,1,"S",3,"SEM FERIMENTOS","M","NÃO","NÃO",61,"13/08/1954","","",0,0,"AUTOMOVEL","N","N","Condutor","Acima de 60",""
"2016-007803322-001",2016-04-09 14:57:00.000,1,"S",3,"SEM FERIMENTOS","M","NÃO","NÃO",40,"27/11/1975","","",0,0,"AUTOMOVEL","N","N","Condutor","36 a 40",""
"2016-007814310-001",2016-04-09 20:45:00.000,1,"S",3,"SEM FERIMENTOS","M","NÃO","NÃO",27,"20/07/1988","","",0,0,"AUTOMOVEL","N","N","Condutor","25 a 30",""
"2016-007818725-001",2016-04-09 20:43:00.000,1,"S",3,"SEM FERIMENTOS","M","NÃO","NÃO",31,"09/08/1984","","",0,0,"AUTOMOVEL","N","N","Condutor","31 a 35",""
"2016-007821876-001",2016-04-09 23:48:00.000,1,"S",3,"SEM FERIMENTOS","M","NÃO","NÃO",41,"04/03/1975","","",0,0,"AUTOMOVEL","N","N","Condutor","41 a 50",""
"2016-007828341-001",2016-04-10 01:02:00.000,1,"S",3,"SEM FERIMENTOS","M","NÃO","NÃO",22,"12/06/1993","","",0,0,"AUTOMOVEL","N","N","Condutor","18 a 24",""
"2016-007839038-001",2016-04-10 08:22:00.000,1,"S",3,"SEM FERIMENTOS","M","NÃO","NÃO",27,"15/03/1989","","",0,0,"AUTOMOVEL","N","N","Condutor","25 a 30",""
"2016-007844736-001",2016-04-10 12:35:00.000,1,"S",3,"SEM FERIMENTOS","M","NÃO","NÃO",51,"30/12/1964","","",0,0,"AUTOMOVEL","N","N","Condutor","51 a 59",""
"2016-007882951-001",2016-04-10 20:47:00.000,1,"S",3,"SEM FERIMENTOS","M","NÃO","NÃO",46,"01/10/1969","","",0,0,"AUTOMOVEL","N","N","Condutor","41 a 50",""
"2016-007891558-001",2016-04-11 07:08:00.000,1,"S",3,"SEM FERIMENTOS","M","NÃO","NÃO",52,"06/03/1964","","",0,0,"AUTOMOVEL","N","N","Condutor","51 a 59",""
"2016-007893046-001",2016-04-11 07:29:00.000,1,"S",3,"SEM FERIMENTOS","M","NÃO","NÃO",54,"05/07/1961","","",0,0,"AUTOMOVEL","N","N","Condutor","51 a 59",""
"2016-007917260-001",2016-04-11 10:31:00.000,1,"S",3,"SEM FERIMENTOS","M","NÃO","NÃO",32,"12/09/1983","","",0,0,"AUTOMOVEL","N","N","Condutor","31 a 35",""
"2016-007924246-001",2016-04-11 11:12:00.000,1,"S",3,"SEM FERIMENTOS","M","NÃO","NÃO",42,"19/10/1973","","",0,0,"AUTOMOVEL","N","N","Condutor","41 a 50",""
"2016-007963516-001",2016-04-11 17:14:00.000,1,"S",3,"SEM FERIMENTOS","M","NÃO","NÃO",57,"24/10/1958","","",0,0,"AUTOMOVEL","N","N","Condutor","51 a 59",""
"2016-007966864-001",2016-04-11 17:20:00.000,1,"S",3,"SEM FERIMENTOS","M","NÃO","NÃO",46,"09/09/1969","","",0,0,"AUTOMOVEL","N","N","Condutor","41 a 50",""
"2016-007968562-001",2016-04-11 16:37:00.000,1,"S",3,"SEM FERIMENTOS","M","NÃO","NÃO",24,"19/10/1991","","",0,0,"AUTOMOVEL","N","N","Condutor","18 a 24",""
"2016-007970938-002",2016-04-11 17:30:00.000,1,"S",3,"SEM FERIMENTOS","M","NÃO","NÃO",54,"07/05/1961","","",0,0,"AUTOMOVEL","N","N","Condutor","51 a 59",""
"2016-007980316-001",2016-04-11 22:39:00.000,1,"S",3,"SEM FERIMENTOS","M","NÃO","NÃO",57,"29/05/1958","","",0,0,"AUTOMOVEL","N","N","Condutor","51 a 59",""
"2016-007999403-001",2016-04-12 07:00:00.000,1,"S",3,"SEM FERIMENTOS","M","NÃO","NÃO",30,"16/06/1985","","",0,0,"AUTOMOVEL","N","N","Condutor","25 a 30",""
"2016-008027278-002",2016-04-12 11:43:00.000,1,"S",3,"SEM FERIMENTOS","M","NÃO","NÃO",38,"19/05/1977","","",0,0,"AUTOMOVEL","N","N","Condutor","36 a 40",""
"2016-008036541-001",2016-04-12 13:59:00.000,1,"S",3,"SEM FERIMENTOS","M","NÃO","NÃO",71,"06/09/1944","","",0,0,"AUTOMOVEL","N","N","Condutor","Acima de 60",""
"2016-008038685-001",2016-04-11 12:55:00.000,1,"S",3,"SEM FERIMENTOS","M","NÃO","NÃO",41,"08/10/1974","","",0,0,"AUTOMOVEL","N","N","Condutor","41 a 50",""
"2016-008049120-001",2016-04-12 18:34:00.000,1,"S",3,"SEM FERIMENTOS","M","NÃO","NÃO",42,"02/11/1973","","",0,0,"AUTOMOVEL","N","N","Condutor","41 a 50",""
"2016-008058450-001",2016-04-11 21:30:00.000,1,"S",3,"SEM FERIMENTOS","M","NÃO","NÃO",23,"16/06/1992","","",0,0,"AUTOMOVEL","N","N","Condutor","18 a 24",""
"2016-008059925-001",2016-04-12 17:57:00.000,1,"S",3,"SEM FERIMENTOS","M","NÃO","NÃO",18,"30/04/1997","","",0,0,"AUTOMOVEL","N","N","Condutor","18 a 24",""
"2016-008061467-001",2016-04-12 19:52:00.000,1,"S",3,"SEM FERIMENTOS","M","NÃO","NÃO",56,"23/11/1959","","",0,0,"AUTOMOVEL","N","N","Condutor","51 a 59",""
"2016-008071384-001",2016-04-13 00:13:00.000,1,"S",3,"SEM FERIMENTOS","M","NÃO","NÃO",42,"11/12/1973","","",0,0,"AUTOMOVEL","N","N","Condutor","41 a 50",""
"2016-008073070-001",2016-04-12 20:02:00.000,1,"S",3,"SEM FERIMENTOS","M","NÃO","NÃO",47,"13/09/1968","","",0,0,"AUTOMOVEL","N","N","Condutor","41 a 50",""
"2016-008082159-001",2016-04-13 07:03:00.000,1,"S",3,"SEM FERIMENTOS","M","NÃO","NÃO",30,"08/02/1986","","",0,0,"AUTOMOVEL","N","N","Condutor","25 a 30",""
"2016-008091372-002",2016-04-13 08:49:00.000,1,"S",3,"SEM FERIMENTOS","M","NÃO","NÃO",62,"15/05/1953","","",0,0,"AUTOMOVEL","N","N","Condutor","Acima de 60",""
"2016-008118821-001",2016-04-13 14:19:00.000,1,"S",3,"SEM FERIMENTOS","M","NÃO","NÃO",48,"06/08/1967","","",0,0,"AUTOMOVEL","N","N","Condutor","41 a 50",""
"2016-008134250-001",2016-04-13 17:13:00.000,1,"S",3,"SEM FERIMENTOS","M","NÃO","NÃO",51,"07/05/1964","","",0,0,"AUTOMOVEL","N","N","Condutor","51 a 59",""
"2016-008144650-001",2016-04-13 20:06:00.000,1,"S",3,"SEM FERIMENTOS","M","NÃO","NÃO",52,"01/05/1963","","",0,0,"AUTOMOVEL","N","N","Condutor","51 a 59",""
"2016-008152920-001",2016-04-13 20:44:00.000,1,"S",3,"SEM FERIMENTOS","M","NÃO","NÃO",27,"14/08/1988","","",0,0,"AUTOMOVEL","N","N","Condutor","25 a 30",""
"2016-008154540-001",2016-04-13 20:06:00.000,1,"S",3,"SEM FERIMENTOS","M","NÃO","NÃO",21,"06/01/1995","","",0,0,"AUTOMOVEL","N","N","Condutor","18 a 24",""
"2016-008155817-001",2016-04-13 20:37:00.000,1,"S",3,"SEM FERIMENTOS","M","NÃO","NÃO",45,"02/01/1971","","",0,0,"AUTOMOVEL","N","N","Condutor","41 a 50",""
"2016-008161780-001",2016-04-13 22:37:00.000,1,"S",3,"SEM FERIMENTOS","M","NÃO","NÃO",48,"23/08/1967","","",0,0,"AUTOMOVEL","N","N","Condutor","41 a 50",""
"2016-008180037-001",2016-04-14 09:23:00.000,1,"S",3,"SEM FERIMENTOS","M","NÃO","NÃO",51,"16/10/1964","","",0,0,"AUTOMOVEL","N","N","Condutor","51 a 59",""
"2016-008191011-001",2016-04-14 08:28:00.000,1,"S",3,"SEM FERIMENTOS","M","NÃO","NÃO",46,"18/11/1969","","",0,0,"AUTOMOVEL","N","N","Condutor","41 a 50",""
"2016-008191758-001",2016-04-14 10:38:00.000,1,"S",3,"SEM FERIMENTOS","M","NÃO","NÃO",27,"09/09/1988","","",0,0,"AUTOMOVEL","N","N","Condutor","25 a 30",""
"2016-008197272-001",2016-04-14 13:32:00.000,1,"S",3,"SEM FERIMENTOS","M","NÃO","NÃO",32,"06/11/1983","","",0,0,"AUTOMOVEL","N","N","Condutor","31 a 35",""
"2016-008198070-001",2016-04-14 13:10:00.000,1,"S",3,"SEM FERIMENTOS","M","NÃO","NÃO",52,"11/07/1963","","",0,0,"AUTOMOVEL","N","N","Condutor","51 a 59",""
"2016-008244553-001",2016-04-14 16:11:00.000,1,"S",3,"SEM FERIMENTOS","M","NÃO","NÃO",55,"14/01/1961","","",0,0,"AUTOMOVEL","N","N","Condutor","51 a 59",""
"2016-008251605-001",2016-04-14 23:45:00.000,1,"S",3,"SEM FERIMENTOS","M","NÃO","NÃO",25,"17/12/1990","","",0,0,"AUTOMOVEL","N","N","Condutor","25 a 30",""
"2016-008269795-001",2016-04-15 09:04:00.000,1,"S",3,"SEM FERIMENTOS","M","NÃO","NÃO",30,"28/05/1985","","",0,0,"AUTOMOVEL","N","N","Condutor","25 a 30",""
"2016-008280663-001",2016-04-15 09:54:00.000,1,"S",3,"SEM FERIMENTOS","M","NÃO","NÃO",73,"26/07/1942","","",0,0,"AUTOMOVEL","N","N","Condutor","Acima de 60",""
"2016-008285547-001",2016-04-15 12:35:00.000,1,"S",3,"SEM FERIMENTOS","M","NÃO","NÃO",41,"07/04/1975","","",0,0,"AUTOMOVEL","N","N","Condutor","41 a 50",""
"2016-008294670-001",2016-04-15 11:20:00.000,1,"S",3,"SEM FERIMENTOS","M","NÃO","NÃO",58,"23/01/1958","","",0,0,"AUTOMOVEL","N","N","Condutor","51 a 59",""
"2016-008305929-001",2016-04-15 12:55:00.000,1,"S",3,"SEM FERIMENTOS","M","NÃO","NÃO",49,"04/02/1967","","",0,0,"AUTOMOVEL","N","N","Condutor","41 a 50",""
"2016-008309234-001",2016-04-15 14:58:00.000,1,"S",3,"SEM FERIMENTOS","M","NÃO","NÃO",38,"01/01/1978","","",0,0,"AUTOMOVEL","N","N","Condutor","36 a 40",""
"2016-008315166-001",2016-04-15 15:17:00.000,1,"S",3,"SEM FERIMENTOS","M","NÃO","NÃO",38,"16/11/1977","","",0,0,"AUTOMOVEL","N","N","Condutor","36 a 40",""
"2016-008328087-002",2016-04-15 16:29:00.000,1,"S",3,"SEM FERIMENTOS","M","NÃO","NÃO",38,"23/09/1977","","",0,0,"AUTOMOVEL","N","N","Condutor","36 a 40",""
"2016-008339215-001",2016-04-15 22:02:00.000,1,"S",3,"SEM FERIMENTOS","M","NÃO","NÃO",58,"24/09/1957","","",0,0,"AUTOMOVEL","N","N","Condutor","51 a 59",""
"2016-008340460-001",2016-04-15 18:50:00.000,1,"S",3,"SEM FERIMENTOS","M","NÃO","NÃO",30,"25/06/1985","","",0,0,"AUTOMOVEL","N","N","Condutor","25 a 30",""
"2016-008341634-001",2016-04-15 23:54:00.000,1,"S",3,"SEM FERIMENTOS","M","NÃO","NÃO",45,"04/06/1970","","",0,0,"AUTOMOVEL","N","N","Condutor","41 a 50",""
"2016-008352465-001",2016-04-16 08:50:00.000,1,"S",3,"SEM FERIMENTOS","M","NÃO","NÃO",52,"20/05/1963","","",0,0,"AUTOMOVEL","N","N","Condutor","51 a 59",""
"2016-008362523-001",2016-04-17 12:18:00.000,1,"S",3,"SEM FERIMENTOS","M","NÃO","NÃO",54,"03/03/1962","","",0,0,"AUTOMOVEL","N","N","Condutor","51 a 59",""
"2016-008366274-001",2016-04-16 13:31:00.000,1,"S",3,"SEM FERIMENTOS","M","NÃO","NÃO",29,"29/08/1986","","",0,0,"AUTOMOVEL","N","N","Condutor","25 a 30",""
"2016-008366822-001",2016-04-16 12:57:00.000,1,"S",3,"SEM FERIMENTOS","M","NÃO","NÃO",27,"29/09/1988","","",0,0,"AUTOMOVEL","N","N","Condutor","25 a 30",""
"2016-008383152-001",2016-04-16 18:22:00.000,1,"S",3,"SEM FERIMENTOS","M","NÃO","NÃO",48,"11/01/1968","","",0,0,"AUTOMOVEL","N","N","Condutor","41 a 50",""
"2016-008387295-001",2016-04-16 19:05:00.000,1,"S",3,"SEM FERIMENTOS","M","NÃO","NÃO",29,"18/02/1987","","",0,0,"AUTOMOVEL","N","N","Condutor","25 a 30",""
"2016-008429924-001",2016-04-17 15:57:00.000,1,"S",3,"SEM FERIMENTOS","M","NÃO","NÃO",32,"02/03/1984","","",0,0,"AUTOMOVEL","N","N","Condutor","31 a 35",""
"2016-008451075-001",2016-04-17 23:36:00.000,1,"S",3,"SEM FERIMENTOS","M","NÃO","NÃO",23,"25/11/1992","","",0,0,"AUTOMOVEL","N","N","Condutor","18 a 24",""
"2016-008474960-001",2016-04-18 09:11:00.000,1,"S",3,"SEM FERIMENTOS","M","NÃO","NÃO",56,"22/02/1960","","",0,0,"AUTOMOVEL","N","N","Condutor","51 a 59",""
"2016-008480562-001",2016-04-15 01:00:00.000,1,"S",3,"SEM FERIMENTOS","M","NÃO","NÃO",30,"03/04/1986","","",0,0,"AUTOMOVEL","N","N","Condutor","25 a 30",""
"2016-008505098-001",2016-04-18 15:19:00.000,1,"S",3,"SEM FERIMENTOS","M","NÃO","NÃO",38,"14/02/1978","","",0,0,"AUTOMOVEL","N","N","Condutor","36 a 40",""
"2016-008536688-001",2016-04-18 20:06:00.000,1,"S",3,"SEM FERIMENTOS","M","NÃO","NÃO",41,"09/11/1974","","",0,0,"AUTOMOVEL","N","N","Condutor","41 a 50",""
"2016-008539666-001",2016-04-18 18:56:00.000,1,"S",3,"SEM FERIMENTOS","M","NÃO","NÃO",61,"05/03/1955","","",0,0,"AUTOMOVEL","N","N","Condutor","Acima de 60",""
"2016-008557103-001",2016-04-18 14:35:00.000,1,"S",3,"SEM FERIMENTOS","M","NÃO","NÃO",51,"16/10/1964","","",0,0,"AUTOMOVEL","N","N","Condutor","51 a 59",""
"2016-008557627-001",2016-04-19 06:49:00.000,1,"S",3,"SEM FERIMENTOS","M","NÃO","NÃO",58,"03/02/1952","","",0,0,"AUTOMOVEL","N","N","Condutor","51 a 59",""
"2016-008559550-001",2016-04-19 06:42:00.000,1,"S",3,"SEM FERIMENTOS","M","NÃO","NÃO",23,"19/10/1992","","",0,0,"AUTOMOVEL","N","N","Condutor","18 a 24",""
"2016-008571555-001",2016-04-19 08:43:00.000,1,"S",3,"SEM FERIMENTOS","M","NÃO","NÃO",51,"22/05/1964","","",0,0,"AUTOMOVEL","N","N","Condutor","51 a 59",""
"2016-008577825-001",2016-04-19 11:41:00.000,1,"S",3,"SEM FERIMENTOS","M","NÃO","NÃO",31,"28/04/1984","","",0,0,"AUTOMOVEL","N","N","Condutor","31 a 35",""
"2016-008586118-001",2016-04-19 13:57:00.000,1,"S",3,"SEM FERIMENTOS","M","NÃO","NÃO",67,"19/09/1948","","",0,0,"AUTOMOVEL","N","N","Condutor","Acima de 60",""
"2016-008600979-001",2016-04-19 14:18:00.000,1,"S",3,"SEM FERIMENTOS","M","NÃO","NÃO",65,"30/01/1951","","",0,0,"AUTOMOVEL","N","N","Condutor","Acima de 60",""
"2016-008613310-001",2016-04-19 14:12:00.000,1,"S",3,"SEM FERIMENTOS","M","NÃO","NÃO",38,"15/10/1977","","",0,0,"AUTOMOVEL","N","N","Condutor","36 a 40",""
"2016-008617320-001",2016-04-19 17:58:00.000,1,"S",3,"SEM FERIMENTOS","M","NÃO","NÃO",38,"17/09/1977","","",0,0,"AUTOMOVEL","N","N","Condutor","36 a 40",""
"2016-008617528-001",2016-04-19 16:59:00.000,1,"S",3,"SEM FERIMENTOS","M","NÃO","NÃO",40,"04/01/1976","","",0,0,"AUTOMOVEL","N","N","Condutor","36 a 40",""
"2016-008633611-001",2016-04-19 22:35:00.000,1,"S",3,"SEM FERIMENTOS","M","NÃO","NÃO",43,"17/12/1972","","",0,0,"AUTOMOVEL","N","N","Condutor","41 a 50",""
"2016-008653064-001",2016-04-20 08:14:00.000,1,"S",3,"SEM FERIMENTOS","M","NÃO","NÃO",54,"29/07/1961","","",0,0,"AUTOMOVEL","N","N","Condutor","51 a 59",""
"2016-008655351-001",2016-04-20 08:47:00.000,1,"S",3,"SEM FERIMENTOS","M","NÃO","NÃO",55,"23/11/1960","","",0,0,"AUTOMOVEL","N","N","Condutor","51 a 59",""
"2016-008686080-001",2016-04-20 13:48:00.000,1,"S",3,"SEM FERIMENTOS","M","NÃO","NÃO",20,"08/02/1996","","",0,0,"AUTOMOVEL","N","N","Condutor","18 a 24",""
"2016-008690909-001",2016-04-20 16:39:00.000,1,"S",3,"SEM FERIMENTOS","M","NÃO","NÃO",49,"13/05/1966","","",0,0,"AUTOMOVEL","N","N","Condutor","41 a 50",""
"2016-008695808-001",2016-04-20 16:42:00.000,1,"S",3,"SEM FERIMENTOS","M","NÃO","NÃO",39,"07/03/1977","","",0,0,"AUTOMOVEL","N","N","Condutor","36 a 40",""
"2016-008709305-001",2016-04-20 19:21:00.000,1,"S",3,"SEM FERIMENTOS","M","NÃO","NÃO",20,"30/04/1995","","",0,0,"AUTOMOVEL","N","N","Condutor","18 a 24",""
"2016-008713868-001",2016-04-20 19:33:00.000,1,"S",3,"SEM FERIMENTOS","M","NÃO","NÃO",44,"06/11/1971","","",0,0,"AUTOMOVEL","N","N","Condutor","41 a 50",""
"2016-008714468-001",2016-04-20 19:37:00.000,1,"S",3,"SEM FERIMENTOS","M","NÃO","NÃO",27,"27/09/1988","","",0,0,"AUTOMOVEL","N","N","Condutor","25 a 30",""
"2016-008761825-001",2016-04-21 18:34:00.000,1,"S",3,"SEM FERIMENTOS","M","NÃO","NÃO",20,"14/03/1996","","",0,0,"AUTOMOVEL","N","N","Condutor","18 a 24",""
"2016-008767744-001",2016-04-21 19:30:00.000,1,"S",3,"SEM FERIMENTOS","M","NÃO","NÃO",30,"24/04/1985","","",0,0,"AUTOMOVEL","N","N","Condutor","25 a 30",""
"2016-008799135-001",2016-04-22 10:41:00.000,1,"S",3,"SEM FERIMENTOS","M","NÃO","NÃO",55,"05/04/1961","","",0,0,"AUTOMOVEL","N","N","Condutor","51 a 59",""
"2016-008799436-001",2016-04-22 10:14:00.000,1,"S",3,"SEM FERIMENTOS","M","NÃO","NÃO",48,"16/12/1967","","",0,0,"AUTOMOVEL","N","N","Condutor","41 a 50",""
"2016-008802823-001",2016-04-22 10:36:00.000,1,"S",3,"SEM FERIMENTOS","M","NÃO","NÃO",75,"16/12/1940","","",0,0,"AUTOMOVEL","N","N","Condutor","Acima de 60",""
"2016-008827699-001",2016-04-22 19:10:00.000,1,"S",3,"SEM FERIMENTOS","M","NÃO","NÃO",49,"23/07/1966","","",0,0,"AUTOMOVEL","N","N","Condutor","41 a 50",""
"2016-008844508-001",2016-04-22 23:21:00.000,1,"S",3,"SEM FERIMENTOS","M","NÃO","NÃO",20,"14/05/1995","","",0,0,"AUTOMOVEL","N","N","Condutor","18 a 24",""
"2016-008876663-001",2016-04-23 16:26:00.000,1,"S",3,"SEM FERIMENTOS","M","NÃO","NÃO",32,"24/11/1983","","",0,0,"AUTOMOVEL","N","N","Condutor","31 a 35",""
"2016-008901630-001",2016-04-23 22:36:00.000,1,"S",3,"SEM FERIMENTOS","M","NÃO","NÃO",51,"08/05/1964","","",0,0,"AUTOMOVEL","N","N","Condutor","51 a 59",""
"2016-008912788-001",2016-04-24 07:22:00.000,1,"S",3,"SEM FERIMENTOS","M","NÃO","NÃO",55,"31/08/1960","","",0,0,"AUTOMOVEL","N","N","Condutor","51 a 59",""
"2016-008923223-001",2016-04-24 12:37:00.000,1,"S",3,"SEM FERIMENTOS","M","NÃO","NÃO",59,"21/08/1956","","",0,0,"AUTOMOVEL","N","N","Condutor","51 a 59",""
"2016-008943748-001",2016-04-24 17:12:00.000,1,"S",3,"SEM FERIMENTOS","M","NÃO","NÃO",21,"29/07/1994","","",0,0,"AUTOMOVEL","N","N","Condutor","18 a 24",""
"2016-008951534-001",2016-04-24 23:41:00.000,1,"S",3,"SEM FERIMENTOS","M","NÃO","NÃO",55,"08/07/1960","","",0,0,"AUTOMOVEL","N","N","Condutor","51 a 59",""
"2016-008956474-001",2016-04-24 23:16:00.000,1,"S",3,"SEM FERIMENTOS","M","NÃO","NÃO",25,"13/03/1991","","",0,0,"AUTOMOVEL","N","N","Condutor","25 a 30",""
"2016-008970898-001",2016-04-25 08:52:00.000,1,"S",3,"SEM FERIMENTOS","M","NÃO","NÃO",43,"12/06/1972","","",0,0,"AUTOMOVEL","N","N","Condutor","41 a 50",""
"2016-008978615-001",2016-04-25 08:39:00.000,1,"S",3,"SEM FERIMENTOS","M","NÃO","NÃO",44,"05/10/1971","","",0,0,"AUTOMOVEL","N","N","Condutor","41 a 50",""
"2016-008990650-001",2016-04-25 05:10:00.000,1,"S",3,"SEM FERIMENTOS","M","NÃO","NÃO",71,"03/03/1945","","",0,0,"AUTOMOVEL","N","N","Condutor","Acima de 60",""
"2016-008998302-001",2016-04-25 11:23:00.000,1,"S",3,"SEM FERIMENTOS","M","NÃO","NÃO",38,"14/06/1977","","",0,0,"AUTOMOVEL","N","N","Condutor","36 a 40",""
"2016-008999517-001",2016-04-25 10:37:00.000,1,"S",3,"SEM FERIMENTOS","M","NÃO","NÃO",76,"11/01/1940","","",0,0,"AUTOMOVEL","N","N","Condutor","Acima de 60",""
"2016-009004571-001",2016-04-25 13:41:00.000,1,"S",3,"SEM FERIMENTOS","M","NÃO","NÃO",21,"07/05/1994","","",0,0,"AUTOMOVEL","N","N","Condutor","18 a 24",""
"2016-009005457-002",2016-04-25 11:32:00.000,1,"S",3,"SEM FERIMENTOS","M","NÃO","NÃO",60,"02/02/1956","","",0,0,"AUTOMOVEL","N","N","Condutor","Acima de 60",""
"2016-009026650-001",2016-04-25 18:13:00.000,1,"S",3,"SEM FERIMENTOS","M","NÃO","NÃO",41,"23/04/1975","","",0,0,"AUTOMOVEL","N","N","Condutor","41 a 50",""
"2016-009027290-001",2016-04-25 16:55:00.000,1,"S",3,"SEM FERIMENTOS","M","NÃO","NÃO",54,"11/05/1961","","",0,0,"AUTOMOVEL","N","N","Condutor","51 a 59",""
"2016-009060206-001",2016-04-26 08:15:00.000,1,"S",3,"SEM FERIMENTOS","M","NÃO","NÃO",55,"08/05/1960","","",0,0,"AUTOMOVEL","N","N","Condutor","51 a 59",""
"2016-009068152-001",2016-04-26 08:38:00.000,1,"S",3,"SEM FERIMENTOS","M","NÃO","NÃO",41,"20/04/1975","","",0,0,"AUTOMOVEL","N","N","Condutor","41 a 50",""
"2016-009077075-001",2016-04-26 09:43:00.000,1,"S",3,"SEM FERIMENTOS","M","NÃO","NÃO",65,"25/12/1950","","",0,0,"AUTOMOVEL","N","N","Condutor","Acima de 60",""
"2016-009079503-001",2016-04-26 11:22:00.000,1,"S",3,"SEM FERIMENTOS","M","NÃO","NÃO",30,"11/05/1985","","",0,0,"AUTOMOVEL","N","N","Condutor","25 a 30",""
"2016-009088413-001",2016-04-26 12:44:00.000,1,"S",3,"SEM FERIMENTOS","M","NÃO","NÃO",31,"15/09/1984","","",0,0,"AUTOMOVEL","N","N","Condutor","31 a 35",""
"2016-009114021-001",2016-04-26 16:15:00.000,1,"S",3,"SEM FERIMENTOS","M","NÃO","NÃO",27,"29/10/1988","","",0,0,"AUTOMOVEL","N","N","Condutor","25 a 30",""
"2016-009117670-001",2016-04-26 15:06:00.000,1,"S",3,"SEM FERIMENTOS","M","NÃO","NÃO",32,"08/01/1984","","",0,0,"AUTOMOVEL","N","N","Condutor","31 a 35",""
"2016-009122814-001",2016-04-26 20:21:00.000,1,"S",3,"SEM FERIMENTOS","M","NÃO","NÃO",41,"26/12/1974","","",0,0,"AUTOMOVEL","N","N","Condutor","41 a 50",""
"2016-009124014-001",2016-04-26 15:29:00.000,1,"S",3,"SEM FERIMENTOS","M","NÃO","NÃO",39,"29/01/1977","","",0,0,"AUTOMOVEL","N","N","Condutor","36 a 40",""
"2016-009139902-001",2016-04-27 08:09:00.000,1,"S",3,"SEM FERIMENTOS","M","NÃO","NÃO",40,"05/07/1975","","",0,0,"AUTOMOVEL","N","N","Condutor","36 a 40",""
"2016-009148944-001",2016-04-27 10:21:00.000,1,"S",3,"SEM FERIMENTOS","M","NÃO","NÃO",64,"24/04/1952","","",0,0,"AUTOMOVEL","N","N","Condutor","Acima de 60",""
"2016-009155632-001",2016-04-27 08:44:00.000,1,"S",3,"SEM FERIMENTOS","M","NÃO","NÃO",74,"08/02/1942","","",0,0,"AUTOMOVEL","N","N","Condutor","Acima de 60",""
"2016-009160375-001",2016-04-27 10:08:00.000,1,"S",3,"SEM FERIMENTOS","M","NÃO","NÃO",30,"17/08/1985","","",0,0,"AUTOMOVEL","N","N","Condutor","25 a 30",""
"2016-009163823-001",2016-04-27 09:44:00.000,1,"S",3,"SEM FERIMENTOS","M","NÃO","NÃO",58,"30/01/1958","","",0,0,"AUTOMOVEL","N","N","Condutor","51 a 59",""
"2016-009217952-001",2016-04-27 21:29:00.000,1,"S",3,"SEM FERIMENTOS","M","NÃO","NÃO",42,"21/07/1973","","",0,0,"AUTOMOVEL","N","N","Condutor","41 a 50",""
"2016-009230180-001",2016-04-28 07:41:00.000,1,"S",3,"SEM FERIMENTOS","M","NÃO","NÃO",39,"05/10/1976","","",0,0,"AUTOMOVEL","N","N","Condutor","36 a 40",""
"2016-009249685-001",2016-04-28 09:27:00.000,1,"S",3,"SEM FERIMENTOS","M","NÃO","NÃO",42,"28/12/1973","","",0,0,"AUTOMOVEL","N","N","Condutor","41 a 50",""
"2016-009288093-001",2016-04-28 19:47:00.000,1,"S",3,"SEM FERIMENTOS","M","NÃO","NÃO",38,"21/01/1978","","",0,0,"AUTOMOVEL","N","N","Condutor","36 a 40",""
"2016-009289148-001",2016-04-28 18:24:00.000,1,"S",3,"SEM FERIMENTOS","M","NÃO","NÃO",41,"18/04/1975","","",0,0,"AUTOMOVEL","N","N","Condutor","41 a 50",""
"2016-009289661-001",2016-04-28 20:52:00.000,1,"S",3,"SEM FERIMENTOS","M","NÃO","NÃO",30,"17/01/1986","","",0,0,"AUTOMOVEL","N","N","Condutor","25 a 30",""
"2016-009294257-001",2016-04-28 22:57:00.000,1,"S",3,"SEM FERIMENTOS","M","NÃO","NÃO",48,"16/08/1967","","",0,0,"AUTOMOVEL","N","N","Condutor","41 a 50",""
"2016-009296152-001",2016-04-28 21:51:00.000,1,"S",3,"SEM FERIMENTOS","M","NÃO","NÃO",45,"15/05/1970","","",0,0,"AUTOMOVEL","N","N","Condutor","41 a 50",""
"2016-009303773-001",2016-04-29 07:28:00.000,1,"S",3,"SEM FERIMENTOS","M","NÃO","NÃO",70,"16/02/1946","","",0,0,"AUTOMOVEL","N","N","Condutor","Acima de 60",""
"2016-009318693-001",2016-04-29 11:43:00.000,1,"S",3,"SEM FERIMENTOS","M","NÃO","NÃO",24,"28/01/1992","","",0,0,"AUTOMOVEL","N","N","Condutor","18 a 24",""
"2016-009323382-001",2016-04-29 11:42:00.000,1,"S",3,"SEM FERIMENTOS","M","NÃO","NÃO",30,"07/07/1985","","",0,0,"AUTOMOVEL","N","N","Condutor","25 a 30",""
"2016-009329401-001",2016-04-29 11:43:00.000,1,"S",3,"SEM FERIMENTOS","M","NÃO","NÃO",23,"27/04/1993","","",0,0,"AUTOMOVEL","N","N","Condutor","18 a 24",""
"2016-009337897-001",2016-04-29 11:45:00.000,1,"S",3,"SEM FERIMENTOS","M","NÃO","NÃO",38,"07/09/1977","","",0,0,"AUTOMOVEL","N","N","Condutor","36 a 40",""
"2016-009351847-001",2016-04-29 16:38:00.000,1,"S",3,"SEM FERIMENTOS","M","NÃO","NÃO",46,"25/08/1969","","",0,0,"AUTOMOVEL","N","N","Condutor","41 a 50",""
"2016-009352190-001",2016-04-29 18:02:00.000,1,"S",3,"SEM FERIMENTOS","M","NÃO","NÃO",48,"12/03/1968","","",0,0,"AUTOMOVEL","N","N","Condutor","41 a 50",""
"2016-009352854-001",2016-04-29 17:48:00.000,1,"S",3,"SEM FERIMENTOS","M","NÃO","NÃO",47,"23/02/1969","","",0,0,"AUTOMOVEL","N","N","Condutor","41 a 50",""
"2016-009368045-001",2016-04-29 23:15:00.000,1,"S",3,"SEM FERIMENTOS","M","NÃO","NÃO",42,"27/01/1974","","",0,0,"AUTOMOVEL","N","N","Condutor","41 a 50",""
"2016-009373678-001",2016-04-29 23:01:00.000,1,"S",3,"SEM FERIMENTOS","M","NÃO","NÃO",23,"05/12/1992","","",0,0,"AUTOMOVEL","N","N","Condutor","18 a 24",""
"2016-009376998-001",2016-04-30 02:43:00.000,1,"S",3,"SEM FERIMENTOS","M","NÃO","NÃO",40,"14/03/1976","","",0,0,"AUTOMOVEL","N","N","Condutor","36 a 40",""
"2016-009396027-001",2016-04-30 12:24:00.000,1,"S",3,"SEM FERIMENTOS","M","NÃO","NÃO",47,"30/10/1968","","",0,0,"AUTOMOVEL","N","N","Condutor","41 a 50",""
"2016-009406682-001",2016-04-30 10:57:00.000,1,"S",3,"SEM FERIMENTOS","M","NÃO","NÃO",25,"15/12/1990","","",0,0,"AUTOMOVEL","N","N","Condutor","25 a 30",""
"2016-009424223-001",2016-04-30 20:35:00.000,1,"S",3,"SEM FERIMENTOS","M","NÃO","NÃO",46,"19/09/1969","","",0,0,"AUTOMOVEL","N","N","Condutor","41 a 50",""
"2016-009425284-001",2016-04-30 21:09:00.000,1,"S",3,"SEM FERIMENTOS","M","NÃO","NÃO",46,"13/02/1970","","",0,0,"AUTOMOVEL","N","N","Condutor","41 a 50",""
"2016-009435565-001",2016-05-01 00:39:00.000,1,"S",3,"SEM FERIMENTOS","M","NÃO","NÃO",44,"30/09/1971","","",0,0,"AUTOMOVEL","N","N","Condutor","41 a 50",""
"2016-009446790-001",2016-05-01 08:27:00.000,1,"S",3,"SEM FERIMENTOS","M","NÃO","NÃO",38,"20/08/1977","","",0,0,"AUTOMOVEL","N","N","Condutor","36 a 40",""
"2016-009452393-001",2016-05-01 13:09:00.000,1,"S",3,"SEM FERIMENTOS","M","NÃO","NÃO",30,"02/12/1985","","",0,0,"AUTOMOVEL","N","N","Condutor","25 a 30",""
"2016-009459880-001",2016-05-01 16:11:00.000,1,"S",3,"SEM FERIMENTOS","M","NÃO","NÃO",23,"02/06/1992","","",0,0,"AUTOMOVEL","N","N","Condutor","18 a 24",""
"2016-009462267-001",2016-05-01 14:40:00.000,1,"S",3,"SEM FERIMENTOS","M","NÃO","NÃO",43,"10/04/1973","","",0,0,"AUTOMOVEL","N","N","Condutor","41 a 50",""
"2016-009479082-001",2016-05-01 19:25:00.000,1,"S",3,"SEM FERIMENTOS","M","NÃO","NÃO",20,"07/07/1995","","",0,0,"AUTOMOVEL","N","N","Condutor","18 a 24",""
"2016-009497294-001",2016-05-02 07:34:00.000,1,"S",3,"SEM FERIMENTOS","M","NÃO","NÃO",31,"28/09/1984","","",0,0,"AUTOMOVEL","N","N","Condutor","31 a 35",""
"2016-009503789-001",2016-05-02 08:18:00.000,1,"S",3,"SEM FERIMENTOS","M","NÃO","NÃO",48,"16/01/1968","","",0,0,"AUTOMOVEL","N","N","Condutor","41 a 50",""
"2016-009505916-001",2016-05-02 07:54:00.000,1,"S",3,"SEM FERIMENTOS","M","NÃO","NÃO",44,"16/11/1971","","",0,0,"AUTOMOVEL","N","N","Condutor","41 a 50",""
"2016-009524182-001",2016-05-02 11:52:00.000,1,"S",3,"SEM FERIMENTOS","M","NÃO","NÃO",32,"07/07/1983","","",0,0,"AUTOMOVEL","N","N","Condutor","31 a 35",""
"2016-009574700-001",2016-05-02 19:54:00.000,1,"S",3,"SEM FERIMENTOS","M","NÃO","NÃO",66,"07/03/1950","","",0,0,"AUTOMOVEL","N","N","Condutor","Acima de 60",""
"2016-009576029-001",2016-05-02 17:56:00.000,1,"S",3,"SEM FERIMENTOS","M","NÃO","NÃO",40,"28/11/1975","","",0,0,"AUTOMOVEL","N","N","Condutor","36 a 40",""
"2016-009589294-001",2016-05-03 06:57:00.000,1,"S",3,"SEM FERIMENTOS","M","NÃO","NÃO",44,"20/09/1971","","",0,0,"AUTOMOVEL","N","N","Condutor","41 a 50",""
"2016-009608985-001",2016-05-03 11:20:00.000,1,"S",3,"SEM FERIMENTOS","M","NÃO","NÃO",54,"31/05/1961","","",0,0,"AUTOMOVEL","N","N","Condutor","51 a 59",""
"2016-009630643-001",2016-05-03 13:50:00.000,1,"S",3,"SEM FERIMENTOS","M","NÃO","NÃO",63,"14/05/1952","","",0,0,"AUTOMOVEL","N","N","Condutor","Acima de 60",""
"2016-009640874-001",2016-05-03 14:24:00.000,1,"S",3,"SEM FERIMENTOS","M","NÃO","NÃO",25,"23/06/1990","","",0,0,"AUTOMOVEL","N","N","Condutor","25 a 30",""
"2016-009659175-001",2016-05-03 16:37:00.000,1,"S",3,"SEM FERIMENTOS","M","NÃO","NÃO",48,"22/09/1967","","",0,0,"AUTOMOVEL","N","N","Condutor","41 a 50",""
"2016-009662400-001",2016-05-03 19:14:00.000,1,"S",3,"SEM FERIMENTOS","M","NÃO","NÃO",53,"20/04/1963","","",0,0,"AUTOMOVEL","N","N","Condutor","51 a 59",""
"2016-009673796-001",2016-05-03 18:20:00.000,1,"S",3,"SEM FERIMENTOS","M","NÃO","NÃO",66,"17/02/1950","","",0,0,"AUTOMOVEL","N","N","Condutor","Acima de 60",""
"2016-009678338-001",2016-05-04 06:16:00.000,1,"S",3,"SEM FERIMENTOS","M","NÃO","NÃO",21,"21/06/1994","","",0,0,"AUTOMOVEL","N","N","Condutor","18 a 24",""
"2016-009683293-001",2016-05-04 07:07:00.000,1,"S",3,"SEM FERIMENTOS","M","NÃO","NÃO",48,"07/12/1967","","",0,0,"AUTOMOVEL","N","N","Condutor","41 a 50",""
"2016-009694224-001",2016-05-04 07:19:00.000,1,"S",3,"SEM FERIMENTOS","M","NÃO","NÃO",54,"01/03/1962","","",0,0,"AUTOMOVEL","N","N","Condutor","51 a 59",""
"2016-009697479-001",2016-05-04 07:02:00.000,1,"S",3,"SEM FERIMENTOS","M","NÃO","NÃO",72,"22/04/1944","","",0,0,"AUTOMOVEL","N","N","Condutor","Acima de 60",""
"2016-009704052-001",2016-05-04 08:54:00.000,1,"S",3,"SEM FERIMENTOS","M","NÃO","NÃO",56,"21/12/1959","","",0,0,"AUTOMOVEL","N","N","Condutor","51 a 59",""
"2016-009734598-001",2016-05-04 16:58:00.000,1,"S",3,"SEM FERIMENTOS","M","NÃO","NÃO",45,"10/10/1970","","",0,0,"AUTOMOVEL","N","N","Condutor","41 a 50",""
"2016-009744825-001",2016-05-04 18:08:00.000,1,"S",3,"SEM FERIMENTOS","M","NÃO","NÃO",51,"07/04/1965","","",0,0,"AUTOMOVEL","N","N","Condutor","51 a 59",""
"2016-009749687-001",2016-05-04 19:30:00.000,1,"S",3,"SEM FERIMENTOS","M","NÃO","NÃO",53,"23/04/1963","","",0,0,"AUTOMOVEL","N","N","Condutor","51 a 59",""
"2016-009769829-001",2016-05-05 08:21:00.000,1,"S",3,"SEM FERIMENTOS","M","NÃO","NÃO",43,"29/09/1972","","",0,0,"AUTOMOVEL","N","N","Condutor","41 a 50",""
"2016-009791794-001",2016-05-05 10:43:00.000,1,"S",3,"SEM FERIMENTOS","M","NÃO","NÃO",52,"12/03/1964","","",0,0,"AUTOMOVEL","N","N","Condutor","51 a 59",""
"2016-009797644-001",2016-05-05 12:01:00.000,1,"S",3,"SEM FERIMENTOS","M","NÃO","NÃO",51,"23/06/1964","","",0,0,"AUTOMOVEL","N","N","Condutor","51 a 59",""
"2016-009834540-001",2016-05-05 19:03:00.000,1,"S",3,"SEM FERIMENTOS","M","NÃO","NÃO",43,"08/01/1973","","",0,0,"AUTOMOVEL","N","N","Condutor","41 a 50",""
"2016-009838809-001",2016-05-05 13:34:00.000,1,"S",3,"SEM FERIMENTOS","M","NÃO","NÃO",40,"19/11/1975","","",0,0,"AUTOMOVEL","N","N","Condutor","36 a 40",""
"2016-009856406-001",2016-05-06 07:12:00.000,1,"S",3,"SEM FERIMENTOS","M","NÃO","NÃO",38,"11/05/1977","","",0,0,"AUTOMOVEL","N","N","Condutor","36 a 40",""
"2016-009862431-001",2016-05-06 06:37:00.000,1,"S",3,"SEM FERIMENTOS","M","NÃO","NÃO",41,"03/09/1974","","",0,0,"AUTOMOVEL","N","N","Condutor","41 a 50",""
"2016-009887212-001",2016-05-03 11:50:00.000,1,"S",3,"SEM FERIMENTOS","M","NÃO","NÃO",29,"27/09/1986","","",0,0,"AUTOMOVEL","N","N","Condutor","25 a 30",""
"2016-009887329-001",2016-05-06 09:33:00.000,1,"S",3,"SEM FERIMENTOS","M","NÃO","NÃO",21,"20/03/1995","","",0,0,"AUTOMOVEL","N","N","Condutor","18 a 24",""
"2016-009890166-001",2016-05-06 08:32:00.000,1,"S",3,"SEM FERIMENTOS","M","NÃO","NÃO",45,"30/07/1970","","",0,0,"AUTOMOVEL","N","N","Condutor","41 a 50",""
"2016-009897638-001",2016-05-06 14:59:00.000,1,"S",3,"SEM FERIMENTOS","M","NÃO","NÃO",23,"15/09/1992","","",0,0,"AUTOMOVEL","N","N","Condutor","18 a 24",""
"2016-009924959-001",2016-05-06 20:06:00.000,1,"S",3,"SEM FERIMENTOS","M","NÃO","NÃO",31,"19/06/1984","","",0,0,"AUTOMOVEL","N","N","Condutor","31 a 35",""
"2016-009925847-001",2016-05-06 20:02:00.000,1,"S",3,"SEM FERIMENTOS","M","NÃO","NÃO",61,"03/06/1954","","",0,0,"AUTOMOVEL","N","N","Condutor","Acima de 60",""
"2016-009932379-001",2016-05-06 18:46:00.000,1,"S",3,"SEM FERIMENTOS","M","NÃO","NÃO",43,"27/03/1973","","",0,0,"AUTOMOVEL","N","N","Condutor","41 a 50",""
"2016-009936076-001",2016-05-06 22:25:00.000,1,"S",3,"SEM FERIMENTOS","M","NÃO","NÃO",19,"19/07/1996","","",0,0,"AUTOMOVEL","N","N","Condutor","18 a 24",""
"2016-009962284-001",2016-05-07 09:52:00.000,1,"S",3,"SEM FERIMENTOS","M","NÃO","NÃO",61,"01/01/1955","","",0,0,"AUTOMOVEL","N","N","Condutor","Acima de 60",""
"2016-009965550-001",2016-05-07 11:56:00.000,1,"S",3,"SEM FERIMENTOS","M","NÃO","NÃO",58,"10/06/1957","","",0,0,"AUTOMOVEL","N","N","Condutor","51 a 59",""
"2016-009985508-001",2016-05-07 18:17:00.000,1,"S",3,"SEM FERIMENTOS","M","NÃO","NÃO",52,"09/08/1963","","",0,0,"AUTOMOVEL","N","N","Condutor","51 a 59",""
"2016-009985837-001",2016-05-07 17:56:00.000,1,"S",3,"SEM FERIMENTOS","M","NÃO","NÃO",40,"08/06/1975","","",0,0,"AUTOMOVEL","N","N","Condutor","36 a 40",""
"2016-009988295-001",2016-05-07 21:22:00.000,1,"S",3,"SEM FERIMENTOS","M","NÃO","NÃO",25,"02/09/1990","","",0,0,"AUTOMOVEL","N","N","Condutor","25 a 30",""
"2016-010020790-001",2016-05-08 09:21:00.000,1,"S",3,"SEM FERIMENTOS","M","NÃO","NÃO",23,"06/12/1992","","",0,0,"AUTOMOVEL","N","N","Condutor","18 a 24",""
"2016-010022366-001",2016-05-08 12:37:00.000,1,"S",3,"SEM FERIMENTOS","M","NÃO","NÃO",32,"22/02/1984","","",0,0,"AUTOMOVEL","N","N","Condutor","31 a 35",""
"2016-010022563-001",2016-05-08 12:02:00.000,1,"S",3,"SEM FERIMENTOS","M","NÃO","NÃO",47,"05/11/1968","","",0,0,"AUTOMOVEL","N","N","Condutor","41 a 50",""
"2016-010028649-001",2016-05-08 14:36:00.000,1,"S",3,"SEM FERIMENTOS","M","NÃO","NÃO",48,"29/07/1967","","",0,0,"AUTOMOVEL","N","N","Condutor","41 a 50",""
"2016-010033720-001",2016-05-08 15:43:00.000,1,"S",3,"SEM FERIMENTOS","M","NÃO","NÃO",39,"19/10/1976","","",0,0,"AUTOMOVEL","N","N","Condutor","36 a 40",""
"2016-010043781-001",2016-05-08 19:12:00.000,1,"S",3,"SEM FERIMENTOS","M","NÃO","NÃO",41,"08/07/1974","","",0,0,"AUTOMOVEL","N","N","Condutor","41 a 50",""
"2016-010061021-001",2016-05-09 06:02:00.000,1,"S",3,"SEM FERIMENTOS","M","NÃO","NÃO",50,"09/05/1966","","",0,0,"AUTOMOVEL","N","N","Condutor","41 a 50",""
"2016-010071447-001",2016-05-09 08:43:00.000,1,"S",3,"SEM FERIMENTOS","M","NÃO","NÃO",68,"07/09/1947","","",0,0,"AUTOMOVEL","N","N","Condutor","Acima de 60",""
"2016-010087424-001",2016-05-09 10:47:00.000,1,"S",3,"SEM FERIMENTOS","M","NÃO","NÃO",39,"07/04/1977","","",0,0,"AUTOMOVEL","N","N","Condutor","36 a 40",""
"2016-010093397-001",2016-05-09 12:51:00.000,1,"S",3,"SEM FERIMENTOS","M","NÃO","NÃO",32,"06/03/1984","","",0,0,"AUTOMOVEL","N","N","Condutor","31 a 35",""
"2016-010101341-001",2016-05-09 10:58:00.000,1,"S",3,"SEM FERIMENTOS","M","NÃO","NÃO",73,"11/09/1942","","",0,0,"AUTOMOVEL","N","N","Condutor","Acima de 60",""
"2016-010115596-001",2016-05-09 14:10:00.000,1,"S",3,"SEM FERIMENTOS","M","NÃO","NÃO",30,"28/02/1986","","",0,0,"AUTOMOVEL","N","N","Condutor","25 a 30",""
"2016-010124437-001",2016-05-09 14:21:00.000,1,"S",3,"SEM FERIMENTOS","M","NÃO","NÃO",61,"12/08/1954","","",0,0,"AUTOMOVEL","N","N","Condutor","Acima de 60",""
"2016-010137711-001",2016-05-09 17:34:00.000,1,"S",3,"SEM FERIMENTOS","M","NÃO","NÃO",46,"12/03/1970","","",0,0,"AUTOMOVEL","N","N","Condutor","41 a 50",""
"2016-010153573-001",2016-05-09 22:56:00.000,1,"S",3,"SEM FERIMENTOS","M","NÃO","NÃO",41,"26/07/1974","","",0,0,"AUTOMOVEL","N","N","Condutor","41 a 50",""
"2016-010221797-001",2016-05-10 13:55:00.000,1,"S",3,"SEM FERIMENTOS","M","NÃO","NÃO",60,"13/01/1956","","",0,0,"AUTOMOVEL","N","N","Condutor","Acima de 60",""
"2016-010255776-001",2016-05-11 08:06:00.000,1,"S",3,"SEM FERIMENTOS","M","NÃO","NÃO",42,"08/10/1973","","",0,0,"AUTOMOVEL","N","N","Condutor","41 a 50",""
"2016-010260333-001",2016-05-11 10:02:00.000,1,"S",3,"SEM FERIMENTOS","M","NÃO","NÃO",40,"12/09/1975","","",0,0,"AUTOMOVEL","N","N","Condutor","36 a 40",""
"2016-010283864-001",2016-05-11 12:57:00.000,1,"S",3,"SEM FERIMENTOS","M","NÃO","NÃO",21,"20/06/1994","","",0,0,"AUTOMOVEL","N","N","Condutor","18 a 24",""
"2016-010288027-001",2016-05-11 08:57:00.000,1,"S",3,"SEM FERIMENTOS","M","NÃO","NÃO",66,"18/12/1949","","",0,0,"AUTOMOVEL","N","N","Condutor","Acima de 60",""
"2016-010312463-001",2016-05-11 19:12:00.000,1,"S",3,"SEM FERIMENTOS","M","NÃO","NÃO",18,"10/12/1997","","",0,0,"AUTOMOVEL","N","N","Condutor","18 a 24",""
"2016-010316383-001",2016-05-11 18:57:00.000,1,"S",3,"SEM FERIMENTOS","M","NÃO","NÃO",54,"21/05/1961","","",0,0,"AUTOMOVEL","N","N","Condutor","51 a 59",""
"2016-010345961-001",2016-05-12 09:59:00.000,1,"S",3,"SEM FERIMENTOS","M","NÃO","NÃO",51,"04/11/1964","","",0,0,"AUTOMOVEL","N","N","Condutor","51 a 59",""
"2016-010366402-001",2016-05-12 12:25:00.000,1,"S",3,"SEM FERIMENTOS","M","NÃO","NÃO",22,"01/03/1994","","",0,0,"AUTOMOVEL","N","N","Condutor","18 a 24",""
"2016-010367121-001",2016-05-12 13:05:00.000,1,"S",3,"SEM FERIMENTOS","M","NÃO","NÃO",44,"07/07/1971","","",0,0,"AUTOMOVEL","N","N","Condutor","41 a 50",""
"2016-010388049-001",2016-05-12 13:32:00.000,1,"S",3,"SEM FERIMENTOS","M","NÃO","NÃO",65,"23/06/1950","","",0,0,"AUTOMOVEL","N","N","Condutor","Acima de 60",""
"2016-010401522-001",2016-05-12 18:05:00.000,1,"S",3,"SEM FERIMENTOS","M","NÃO","NÃO",63,"27/03/1953","","",0,0,"AUTOMOVEL","N","N","Condutor","Acima de 60",""
"2016-010406118-001",2016-05-12 16:19:00.000,1,"S",3,"SEM FERIMENTOS","M","NÃO","NÃO",29,"23/10/1986","","",0,0,"AUTOMOVEL","N","N","Condutor","25 a 30",""
"2016-010414562-001",2016-05-12 22:52:00.000,1,"S",3,"SEM FERIMENTOS","M","NÃO","NÃO",24,"23/08/1991","","",0,0,"AUTOMOVEL","N","N","Condutor","18 a 24",""
"2016-010433387-001",2016-05-13 09:46:00.000,1,"S",3,"SEM FERIMENTOS","M","NÃO","NÃO",24,"07/04/1992","","",0,0,"AUTOMOVEL","N","N","Condutor","18 a 24",""
"2016-010445942-001",2016-05-13 08:03:00.000,1,"S",3,"SEM FERIMENTOS","M","NÃO","NÃO",27,"27/06/1988","","",0,0,"AUTOMOVEL","N","N","Condutor","25 a 30",""
"2016-010449139-001",2016-05-13 11:11:00.000,1,"S",3,"SEM FERIMENTOS","M","NÃO","NÃO",47,"21/03/1969","","",0,0,"AUTOMOVEL","N","N","Condutor","41 a 50",""
"2016-010462216-001",2016-05-13 13:14:00.000,1,"S",3,"SEM FERIMENTOS","M","NÃO","NÃO",41,"06/01/1975","","",0,0,"AUTOMOVEL","N","N","Condutor","41 a 50",""
"2016-010468410-001",2016-05-13 15:27:00.000,1,"S",3,"SEM FERIMENTOS","M","NÃO","NÃO",39,"05/04/1977","","",0,0,"AUTOMOVEL","N","N","Condutor","36 a 40",""
"2016-010481002-001",2016-05-13 11:50:00.000,1,"S",3,"SEM FERIMENTOS","M","NÃO","NÃO",65,"08/09/1950","","",0,0,"AUTOMOVEL","N","N","Condutor","Acima de 60",""
"2016-010484495-001",2016-05-13 18:22:00.000,1,"S",3,"SEM FERIMENTOS","M","NÃO","NÃO",31,"20/10/1984","","",0,0,"AUTOMOVEL","N","N","Condutor","31 a 35",""
"2016-010496762-001",2016-05-13 23:22:00.000,1,"S",3,"SEM FERIMENTOS","M","NÃO","NÃO",27,"27/04/1989","","",0,0,"AUTOMOVEL","N","N","Condutor","25 a 30",""
"2016-010499502-001",2016-05-13 23:06:00.000,1,"S",3,"SEM FERIMENTOS","M","NÃO","NÃO",63,"24/02/1953","","",0,0,"AUTOMOVEL","N","N","Condutor","Acima de 60",""
"2016-010506798-002",2016-05-14 06:28:00.000,1,"S",3,"SEM FERIMENTOS","M","NÃO","NÃO",22,"20/12/1993","","",0,0,"AUTOMOVEL","N","N","Condutor","18 a 24",""
"2016-010525898-001",2016-05-14 13:28:00.000,1,"S",3,"SEM FERIMENTOS","M","NÃO","NÃO",57,"06/11/1958","","",0,0,"AUTOMOVEL","N","N","Condutor","51 a 59",""
"2016-010527724-001",2016-05-14 14:09:00.000,1,"S",3,"SEM FERIMENTOS","M","NÃO","NÃO",63,"21/04/1953","","",0,0,"AUTOMOVEL","N","N","Condutor","Acima de 60",""
"2016-010529604-001",2016-05-14 15:34:00.000,1,"S",3,"SEM FERIMENTOS","M","NÃO","NÃO",21,"05/09/1994","","",0,0,"AUTOMOVEL","N","N","Condutor","18 a 24",""
"2016-010532586-001",2016-05-14 10:15:00.000,1,"S",3,"SEM FERIMENTOS","M","NÃO","NÃO",42,"14/11/1973","","",0,0,"AUTOMOVEL","N","N","Condutor","41 a 50",""
"2016-010534018-001",2016-05-14 13:08:00.000,1,"S",3,"SEM FERIMENTOS","M","NÃO","NÃO",62,"06/10/1953","","",0,0,"AUTOMOVEL","N","N","Condutor","Acima de 60",""
"2016-010536480-001",2016-05-14 15:10:00.000,1,"S",3,"SEM FERIMENTOS","M","NÃO","NÃO",25,"17/11/1990","","",0,0,"AUTOMOVEL","N","N","Condutor","25 a 30",""
"2016-010537312-001",2016-05-14 17:14:00.000,1,"S",3,"SEM FERIMENTOS","M","NÃO","NÃO",38,"19/12/1977","","",0,0,"AUTOMOVEL","N","N","Condutor","36 a 40",""
"2016-010538884-001",2016-05-14 16:50:00.000,1,"S",3,"SEM FERIMENTOS","M","NÃO","NÃO",40,"05/04/1976","","",0,0,"AUTOMOVEL","N","N","Condutor","36 a 40",""
"2016-010543391-001",2016-05-14 19:41:00.000,1,"S",3,"SEM FERIMENTOS","M","NÃO","NÃO",45,"12/12/1970","","",0,0,"AUTOMOVEL","N","N","Condutor","41 a 50",""
"2016-010553397-002",2016-05-14 23:30:00.000,1,"S",3,"SEM FERIMENTOS","M","NÃO","NÃO",24,"01/08/1991","","",0,0,"AUTOMOVEL","N","N","Condutor","18 a 24",""
"2016-010556886-001",2016-05-15 01:04:00.000,1,"S",3,"SEM FERIMENTOS","M","NÃO","NÃO",40,"01/05/1976","","",0,0,"AUTOMOVEL","N","N","Condutor","36 a 40",""
"2016-010557313-001",2016-05-15 01:40:00.000,1,"S",3,"SEM FERIMENTOS","M","NÃO","NÃO",32,"03/05/1984","","",0,0,"AUTOMOVEL","N","N","Condutor","31 a 35",""
"2016-010564999-001",2016-05-15 07:54:00.000,1,"S",3,"SEM FERIMENTOS","M","NÃO","NÃO",56,"08/03/1960","","",0,0,"AUTOMOVEL","N","N","Condutor","51 a 59",""
"2016-010575265-001",2016-05-15 10:05:00.000,1,"S",3,"SEM FERIMENTOS","M","NÃO","NÃO",49,"06/05/1967","","",0,0,"AUTOMOVEL","N","N","Condutor","41 a 50",""
"2016-010596167-001",2016-05-15 18:29:00.000,1,"S",3,"SEM FERIMENTOS","M","NÃO","NÃO",51,"12/01/1965","","",0,0,"AUTOMOVEL","N","N","Condutor","51 a 59",""
"2016-010597644-001",2016-05-15 20:37:00.000,1,"S",3,"SEM FERIMENTOS","M","NÃO","NÃO",21,"22/01/1995","","",0,0,"AUTOMOVEL","N","N","Condutor","18 a 24",""
"2016-010611953-001",2016-05-16 08:00:00.000,1,"S",3,"SEM FERIMENTOS","M","NÃO","NÃO",44,"14/03/1972","","",0,0,"AUTOMOVEL","N","N","Condutor","41 a 50",""
"2016-010621119-001",2016-05-16 06:48:00.000,1,"S",3,"SEM FERIMENTOS","M","NÃO","NÃO",39,"22/09/1976","","",0,0,"AUTOMOVEL","N","N","Condutor","36 a 40",""
"2016-010675051-001",2016-05-16 16:54:00.000,1,"S",3,"SEM FERIMENTOS","M","NÃO","NÃO",51,"16/03/1965","","",0,0,"AUTOMOVEL","N","N","Condutor","51 a 59",""
"2016-010689490-001",2016-05-16 21:05:00.000,1,"S",3,"SEM FERIMENTOS","M","NÃO","NÃO",42,"04/04/1974","","",0,0,"AUTOMOVEL","N","N","Condutor","41 a 50",""
"2016-010697900-001",2016-05-16 22:48:00.000,1,"S",3,"SEM FERIMENTOS","M","NÃO","NÃO",32,"02/02/1984","","",0,0,"AUTOMOVEL","N","N","Condutor","31 a 35",""
"2016-010706630-001",2016-05-17 07:47:00.000,1,"S",3,"SEM FERIMENTOS","M","NÃO","NÃO",19,"23/08/1996","","",0,0,"AUTOMOVEL","N","N","Condutor","18 a 24",""
"2016-010738978-001",2016-05-17 09:55:00.000,1,"S",3,"SEM FERIMENTOS","M","NÃO","NÃO",75,"14/08/1940","","",0,0,"AUTOMOVEL","N","N","Condutor","Acima de 60",""
"2016-010749467-001",2016-05-17 15:15:00.000,1,"S",3,"SEM FERIMENTOS","M","NÃO","NÃO",21,"01/05/1995","","",0,0,"AUTOMOVEL","N","N","Condutor","18 a 24",""
"2016-010768316-001",2016-05-17 18:17:00.000,1,"S",3,"SEM FERIMENTOS","M","NÃO","NÃO",78,"08/07/1937","","",0,0,"AUTOMOVEL","N","N","Condutor","Acima de 60",""
"2016-010770315-001",2016-05-17 19:04:00.000,1,"S",3,"SEM FERIMENTOS","M","NÃO","NÃO",53,"30/06/1962","","",0,0,"AUTOMOVEL","N","N","Condutor","51 a 59",""
"2016-010801318-001",2016-05-18 10:15:00.000,1,"S",3,"SEM FERIMENTOS","M","NÃO","NÃO",49,"08/03/1967","","",0,0,"AUTOMOVEL","N","N","Condutor","41 a 50",""
"2016-010801872-001",2016-05-18 09:43:00.000,1,"S",3,"SEM FERIMENTOS","M","NÃO","NÃO",47,"18/08/1968","","",0,0,"AUTOMOVEL","N","N","Condutor","41 a 50",""
"2016-010810964-001",2016-05-18 09:57:00.000,1,"S",3,"SEM FERIMENTOS","M","NÃO","NÃO",69,"06/03/1947","","",0,0,"AUTOMOVEL","N","N","Condutor","Acima de 60",""
"2016-010817730-001",2016-05-18 12:19:00.000,1,"S",3,"SEM FERIMENTOS","M","NÃO","NÃO",42,"15/10/1973","","",0,0,"AUTOMOVEL","N","N","Condutor","41 a 50",""
"2016-010853186-001",2016-05-18 18:25:00.000,1,"S",3,"SEM FERIMENTOS","M","NÃO","NÃO",55,"04/06/1960","","",0,0,"AUTOMOVEL","N","N","Condutor","51 a 59",""
"2016-010873161-001",2016-05-19 05:44:00.000,1,"S",3,"SEM FERIMENTOS","M","NÃO","NÃO",44,"14/07/1971","","",0,0,"AUTOMOVEL","N","N","Condutor","41 a 50",""
"2016-010879670-001",2016-05-19 09:02:00.000,1,"S",3,"SEM FERIMENTOS","M","NÃO","NÃO",32,"10/07/1983","","",0,0,"AUTOMOVEL","N","N","Condutor","31 a 35",""
"2016-010883273-001",2016-05-19 08:48:00.000,1,"S",3,"SEM FERIMENTOS","M","NÃO","NÃO",42,"15/06/1973","","",0,0,"AUTOMOVEL","N","N","Condutor","41 a 50",""
"2016-010902516-001",2016-05-19 10:23:00.000,1,"S",3,"SEM FERIMENTOS","M","NÃO","NÃO",20,"28/09/1995","","",0,0,"AUTOMOVEL","N","N","Condutor","18 a 24",""
"2016-010905639-001",2016-05-19 11:28:00.000,1,"S",3,"SEM FERIMENTOS","M","NÃO","NÃO",39,"13/07/1976","","",0,0,"AUTOMOVEL","N","N","Condutor","36 a 40",""
"2016-010907900-001",2016-05-19 11:31:00.000,1,"S",3,"SEM FERIMENTOS","M","NÃO","NÃO",32,"24/07/1983","","",0,0,"AUTOMOVEL","N","N","Condutor","31 a 35",""
"2016-010918183-001",2016-05-19 14:01:00.000,1,"S",3,"SEM FERIMENTOS","M","NÃO","NÃO",41,"05/04/1975","","",0,0,"AUTOMOVEL","N","N","Condutor","41 a 50",""
"2016-010941526-001",2016-05-19 18:16:00.000,1,"S",3,"SEM FERIMENTOS","M","NÃO","NÃO",51,"08/03/1965","","",0,0,"AUTOMOVEL","N","N","Condutor","51 a 59",""
"2016-010946140-001",2016-05-19 20:22:00.000,1,"S",3,"SEM FERIMENTOS","M","NÃO","NÃO",61,"19/10/1954","","",0,0,"AUTOMOVEL","N","N","Condutor","Acima de 60",""
"2016-010950919-001",2016-05-19 20:43:00.000,1,"S",3,"SEM FERIMENTOS","M","NÃO","NÃO",48,"20/09/1967","","",0,0,"AUTOMOVEL","N","N","Condutor","41 a 50",""
"2016-010956158-001",2016-05-19 23:11:00.000,1,"S",3,"SEM FERIMENTOS","M","NÃO","NÃO",25,"05/04/1991","","",0,0,"AUTOMOVEL","N","N","Condutor","25 a 30",""
"2016-010981700-001",2016-05-20 09:23:00.000,1,"S",3,"SEM FERIMENTOS","M","NÃO","NÃO",46,"30/12/1969","","",0,0,"AUTOMOVEL","N","N","Condutor","41 a 50",""
"2016-010996526-001",2016-05-20 12:43:00.000,1,"S",3,"SEM FERIMENTOS","M","NÃO","NÃO",58,"09/06/1957","","",0,0,"AUTOMOVEL","N","N","Condutor","51 a 59",""
"2016-011020154-001",2016-05-20 16:39:00.000,1,"S",3,"SEM FERIMENTOS","M","NÃO","NÃO",70,"23/11/1945","","",0,0,"AUTOMOVEL","N","N","Condutor","Acima de 60",""
"2016-011020380-001",2016-05-20 13:37:00.000,1,"S",3,"SEM FERIMENTOS","M","NÃO","NÃO",20,"17/08/1995","","",0,0,"AUTOMOVEL","N","N","Condutor","18 a 24",""
"2016-011033965-001",2016-05-20 21:06:00.000,1,"S",3,"SEM FERIMENTOS","M","NÃO","NÃO",25,"05/10/1990","","",0,0,"AUTOMOVEL","N","N","Condutor","25 a 30",""
"2016-011038550-001",2016-05-20 23:18:00.000,1,"S",3,"SEM FERIMENTOS","M","NÃO","NÃO",43,"19/05/1973","","",0,0,"AUTOMOVEL","N","N","Condutor","41 a 50",""
"2016-011046165-001",2016-05-21 04:19:00.000,1,"S",3,"SEM FERIMENTOS","M","NÃO","NÃO",20,"15/04/1996","","",0,0,"AUTOMOVEL","N","N","Condutor","18 a 24",""
"2016-011060717-001",2016-05-21 09:27:00.000,1,"S",3,"SEM FERIMENTOS","M","NÃO","NÃO",30,"31/07/1985","","",0,0,"AUTOMOVEL","N","N","Condutor","25 a 30",""
"2016-011096870-001",2016-05-21 21:05:00.000,1,"S",3,"SEM FERIMENTOS","M","NÃO","NÃO",22,"04/10/1993","","",0,0,"AUTOMOVEL","N","N","Condutor","18 a 24",""
"2016-011115249-001",2016-05-22 11:52:00.000,1,"S",3,"SEM FERIMENTOS","M","NÃO","NÃO",52,"02/09/1963","","",0,0,"AUTOMOVEL","N","N","Condutor","51 a 59",""
"2016-011121010-001",2016-05-22 14:27:00.000,1,"S",3,"SEM FERIMENTOS","M","NÃO","NÃO",21,"23/03/1995","","",0,0,"AUTOMOVEL","N","N","Condutor","18 a 24",""
"2016-011130695-001",2016-05-22 14:57:00.000,1,"S",3,"SEM FERIMENTOS","M","NÃO","NÃO",52,"29/09/1963","","",0,0,"AUTOMOVEL","N","N","Condutor","51 a 59",""
"2016-011136021-001",2016-05-22 18:53:00.000,1,"S",3,"SEM FERIMENTOS","M","NÃO","NÃO",48,"02/12/1967","","",0,0,"AUTOMOVEL","N","N","Condutor","41 a 50",""
"2016-011169940-001",2016-05-23 10:26:00.000,1,"S",3,"SEM FERIMENTOS","M","NÃO","NÃO",46,"31/12/1969","","",0,0,"AUTOMOVEL","N","N","Condutor","41 a 50",""
"2016-011220551-001",2016-05-23 15:16:00.000,1,"S",3,"SEM FERIMENTOS","M","NÃO","NÃO",73,"15/04/1943","","",0,0,"AUTOMOVEL","N","N","Condutor","Acima de 60",""
"2016-011248505-001",2016-05-23 23:09:00.000,1,"S",3,"SEM FERIMENTOS","M","NÃO","NÃO",27,"18/10/1988","","",0,0,"AUTOMOVEL","N","N","Condutor","25 a 30",""
"2016-011253370-001",2016-05-24 07:38:00.000,1,"S",3,"SEM FERIMENTOS","M","NÃO","NÃO",32,"11/09/1983","","",0,0,"AUTOMOVEL","N","N","Condutor","31 a 35",""
"2016-011265740-002",2016-05-24 17:17:00.000,1,"S",3,"SEM FERIMENTOS","M","NÃO","NÃO",25,"06/04/1991","","",0,0,"AUTOMOVEL","N","N","Condutor","25 a 30",""
"2016-011277641-001",2016-05-24 10:57:00.000,1,"S",3,"SEM FERIMENTOS","M","NÃO","NÃO",38,"15/08/1977","","",0,0,"AUTOMOVEL","N","N","Condutor","36 a 40",""
"2016-011319027-001",2016-05-24 19:10:00.000,1,"S",3,"SEM FERIMENTOS","M","NÃO","NÃO",38,"14/10/1977","","",0,0,"AUTOMOVEL","N","N","Condutor","36 a 40",""
"2016-011319581-001",2016-05-24 18:17:00.000,1,"S",3,"SEM FERIMENTOS","M","NÃO","NÃO",46,"09/12/1969","","",0,0,"AUTOMOVEL","N","N","Condutor","41 a 50",""
"2016-011322438-001",2016-05-24 15:46:00.000,1,"S",3,"SEM FERIMENTOS","M","NÃO","NÃO",27,"31/10/1988","","",0,0,"AUTOMOVEL","N","N","Condutor","25 a 30",""
"2016-011326003-001",2016-05-24 21:18:00.000,1,"S",3,"SEM FERIMENTOS","M","NÃO","NÃO",46,"21/03/1970","","",0,0,"AUTOMOVEL","N","N","Condutor","41 a 50",""
"2016-011337570-001",2016-05-25 07:03:00.000,1,"S",3,"SEM FERIMENTOS","M","NÃO","NÃO",62,"03/09/1953","","",0,0,"AUTOMOVEL","N","N","Condutor","Acima de 60",""
"2016-011352356-001",2016-05-25 08:03:00.000,1,"S",3,"SEM FERIMENTOS","M","NÃO","NÃO",54,"22/09/1961","","",0,0,"AUTOMOVEL","N","N","Condutor","51 a 59",""
"2016-011354355-001",2016-05-25 08:44:00.000,1,"S",3,"SEM FERIMENTOS","M","NÃO","NÃO",25,"16/07/1990","","",0,0,"AUTOMOVEL","N","N","Condutor","25 a 30",""
"2016-011374027-001",2016-05-25 13:06:00.000,1,"S",3,"SEM FERIMENTOS","M","NÃO","NÃO",22,"22/11/1993","","",0,0,"AUTOMOVEL","N","N","Condutor","18 a 24",""
"2016-011389564-001",2016-05-25 15:28:00.000,1,"S",3,"SEM FERIMENTOS","M","NÃO","NÃO",25,"31/10/1990","","",0,0,"AUTOMOVEL","N","N","Condutor","25 a 30",""
"2016-011403817-001",2016-05-25 18:36:00.000,1,"S",3,"SEM FERIMENTOS","M","NÃO","NÃO",31,"25/12/1984","","",0,0,"AUTOMOVEL","N","N","Condutor","31 a 35",""
"2016-011418295-001",2016-05-25 21:48:00.000,1,"S",3,"SEM FERIMENTOS","M","NÃO","NÃO",21,"21/01/1995","","",0,0,"AUTOMOVEL","N","N","Condutor","18 a 24",""
"2016-011441471-001",2016-05-26 12:04:00.000,1,"S",3,"SEM FERIMENTOS","M","NÃO","NÃO",70,"30/10/1945","","",0,0,"AUTOMOVEL","N","N","Condutor","Acima de 60",""
"2016-011473828-001",2016-05-27 00:05:00.000,1,"S",3,"SEM FERIMENTOS","M","NÃO","NÃO",24,"20/05/1992","","",0,0,"AUTOMOVEL","N","N","Condutor","18 a 24",""
"2016-011479117-001",2016-05-27 07:51:00.000,1,"S",3,"SEM FERIMENTOS","M","NÃO","NÃO",21,"01/04/1995","","",0,0,"AUTOMOVEL","N","N","Condutor","18 a 24",""
"2016-011480858-001",2016-05-30 08:23:00.000,1,"S",3,"SEM FERIMENTOS","M","NÃO","NÃO",53,"26/09/1962","","",0,0,"AUTOMOVEL","N","N","Condutor","51 a 59",""
"2016-011487113-002",2016-05-27 11:40:00.000,1,"S",3,"SEM FERIMENTOS","M","NÃO","NÃO",42,"25/11/1973","","",0,0,"AUTOMOVEL","N","N","Condutor","41 a 50",""
"2016-011502966-001",2016-05-27 13:32:00.000,1,"S",3,"SEM FERIMENTOS","M","NÃO","NÃO",64,"05/07/1951","","",0,0,"AUTOMOVEL","N","N","Condutor","Acima de 60",""
"2016-011506306-001",2016-05-27 16:12:00.000,1,"S",3,"SEM FERIMENTOS","M","NÃO","NÃO",50,"31/12/1965","","",0,0,"AUTOMOVEL","N","N","Condutor","41 a 50",""
"2016-011507313-001",2016-05-27 14:47:00.000,1,"S",3,"SEM FERIMENTOS","M","NÃO","NÃO",25,"13/01/1991","","",0,0,"AUTOMOVEL","N","N","Condutor","25 a 30",""
"2016-011514133-001",2016-05-27 17:57:00.000,1,"S",3,"SEM FERIMENTOS","M","NÃO","NÃO",41,"22/05/1975","","",0,0,"AUTOMOVEL","N","N","Condutor","41 a 50",""
"2016-011521947-001",2016-05-27 19:05:00.000,1,"S",3,"SEM FERIMENTOS","M","NÃO","NÃO",47,"21/12/1968","","",0,0,"AUTOMOVEL","N","N","Condutor","41 a 50",""
"2016-011547960-001",2016-05-28 06:57:00.000,1,"S",3,"SEM FERIMENTOS","M","NÃO","NÃO",60,"20/03/1956","","",0,0,"AUTOMOVEL","N","N","Condutor","Acima de 60",""
"2016-011550137-001",2016-05-28 09:57:00.000,1,"S",3,"SEM FERIMENTOS","M","NÃO","NÃO",30,"13/01/1986","","",0,0,"AUTOMOVEL","N","N","Condutor","25 a 30",""
"2016-011551210-001",2016-05-28 10:05:00.000,1,"S",3,"SEM FERIMENTOS","M","NÃO","NÃO",59,"26/05/1957","","",0,0,"AUTOMOVEL","N","N","Condutor","51 a 59",""
"2016-011570887-001",2016-05-28 16:39:00.000,1,"S",3,"SEM FERIMENTOS","M","NÃO","NÃO",65,"28/07/1950","","",0,0,"AUTOMOVEL","N","N","Condutor","Acima de 60",""
"2016-011593903-001",2016-05-29 00:59:00.000,1,"S",3,"SEM FERIMENTOS","M","NÃO","NÃO",49,"22/07/1966","","",0,0,"AUTOMOVEL","N","N","Condutor","41 a 50",""
"2016-011617070-001",2016-05-29 14:43:00.000,1,"S",3,"SEM FERIMENTOS","M","NÃO","NÃO",40,"12/12/1975","","",0,0,"AUTOMOVEL","N","N","Condutor","36 a 40",""
"2016-011620531-001",2016-05-29 15:06:00.000,1,"S",3,"SEM FERIMENTOS","M","NÃO","NÃO",30,"04/10/1985","","",0,0,"AUTOMOVEL","N","N","Condutor","25 a 30",""
"2016-011623457-001",2016-05-29 15:45:00.000,1,"S",3,"SEM FERIMENTOS","M","NÃO","NÃO",76,"29/09/1939","","",0,0,"AUTOMOVEL","N","N","Condutor","Acima de 60",""
"2016-011664610-001",2016-05-30 10:22:00.000,1,"S",3,"SEM FERIMENTOS","M","NÃO","NÃO",52,"23/03/1964","","",0,0,"AUTOMOVEL","N","N","Condutor","51 a 59",""
"2016-011669703-001",2016-05-30 07:58:00.000,1,"S",3,"SEM FERIMENTOS","M","NÃO","NÃO",54,"23/02/1962","","",0,0,"AUTOMOVEL","N","N","Condutor","51 a 59",""
"2016-011717290-001",2016-05-30 15:31:00.000,1,"S",3,"SEM FERIMENTOS","M","NÃO","NÃO",32,"26/10/1983","","",0,0,"AUTOMOVEL","N","N","Condutor","31 a 35",""
"2016-011718069-001",2016-05-30 21:52:00.000,1,"S",3,"SEM FERIMENTOS","M","NÃO","NÃO",57,"22/03/1959","","",0,0,"AUTOMOVEL","N","N","Condutor","51 a 59",""
"2016-011720419-001",2016-05-30 17:50:00.000,1,"S",3,"SEM FERIMENTOS","M","NÃO","NÃO",22,"26/04/1994","","",0,0,"AUTOMOVEL","N","N","Condutor","18 a 24",""
"2016-011720525-001",2016-05-30 17:47:00.000,1,"S",3,"SEM FERIMENTOS","M","NÃO","NÃO",64,"16/06/1951","","",0,0,"AUTOMOVEL","N","N","Condutor","Acima de 60",""
"2016-011727110-001",2016-05-30 16:45:00.000,1,"S",3,"SEM FERIMENTOS","M","NÃO","NÃO",62,"20/02/1954","","",0,0,"AUTOMOVEL","N","N","Condutor","Acima de 60",""
"2016-011727358-001",2016-05-30 18:59:00.000,1,"S",3,"SEM FERIMENTOS","M","NÃO","NÃO",21,"31/01/1995","","",0,0,"AUTOMOVEL","N","N","Condutor","18 a 24",""
"2016-011734516-001",2016-05-30 22:48:00.000,1,"S",3,"SEM FERIMENTOS","M","NÃO","NÃO",45,"09/01/1971","","",0,0,"AUTOMOVEL","N","N","Condutor","41 a 50",""
"2016-011735865-001",2016-05-30 22:43:00.000,1,"S",3,"SEM FERIMENTOS","M","NÃO","NÃO",25,"25/11/1990","","",0,0,"AUTOMOVEL","N","N","Condutor","25 a 30",""
"2016-011737589-001",2016-05-30 23:03:00.000,1,"S",3,"SEM FERIMENTOS","M","NÃO","NÃO",32,"16/05/1984","","",0,0,"AUTOMOVEL","N","N","Condutor","31 a 35",""
"2016-011772760-001",2016-05-31 11:25:00.000,1,"S",3,"SEM FERIMENTOS","M","NÃO","NÃO",38,"06/10/1977","","",0,0,"AUTOMOVEL","N","N","Condutor","36 a 40",""
"2016-011774940-001",2016-05-31 10:33:00.000,1,"S",3,"SEM FERIMENTOS","M","NÃO","NÃO",31,"28/01/1985","","",0,0,"AUTOMOVEL","N","N","Condutor","31 a 35",""
"2016-011786083-001",2016-05-31 13:00:00.000,1,"S",3,"SEM FERIMENTOS","M","NÃO","NÃO",41,"06/11/1974","","",0,0,"AUTOMOVEL","N","N","Condutor","41 a 50",""
"2016-011819254-001",2016-05-31 18:37:00.000,1,"S",3,"SEM FERIMENTOS","M","NÃO","NÃO",43,"05/10/1972","","",0,0,"AUTOMOVEL","N","N","Condutor","41 a 50",""
"2016-011822953-001",2016-05-31 18:48:00.000,1,"S",3,"SEM FERIMENTOS","M","NÃO","NÃO",66,"17/09/1949","","",0,0,"AUTOMOVEL","N","N","Condutor","Acima de 60",""
"2016-011836264-001",2016-06-01 01:04:00.000,1,"S",3,"SEM FERIMENTOS","M","NÃO","NÃO",18,"17/09/1997","","",0,0,"AUTOMOVEL","N","N","Condutor","18 a 24",""
"2016-011840930-001",2016-06-01 06:30:00.000,1,"S",3,"SEM FERIMENTOS","M","NÃO","NÃO",42,"17/07/1973","","",0,0,"AUTOMOVEL","N","N","Condutor","41 a 50",""
"2016-011843513-001",2016-06-01 07:44:00.000,1,"S",3,"SEM FERIMENTOS","M","NÃO","NÃO",23,"14/04/1993","","",0,0,"AUTOMOVEL","N","N","Condutor","18 a 24",""
"2016-011858054-001",2016-06-01 09:44:00.000,1,"S",3,"SEM FERIMENTOS","M","NÃO","NÃO",30,"25/04/1986","","",0,0,"AUTOMOVEL","N","N","Condutor","25 a 30",""
"2016-011881124-001",2016-06-01 13:44:00.000,1,"S",3,"SEM FERIMENTOS","M","NÃO","NÃO",32,"12/01/1984","","",0,0,"AUTOMOVEL","N","N","Condutor","31 a 35",""
"2016-011932968-001",2016-06-02 08:13:00.000,1,"S",3,"SEM FERIMENTOS","M","NÃO","NÃO",45,"26/11/1970","","",0,0,"AUTOMOVEL","N","N","Condutor","41 a 50",""
"2016-011939721-001",2016-06-02 08:14:00.000,1,"S",3,"SEM FERIMENTOS","M","NÃO","NÃO",41,"17/06/1974","","",0,0,"AUTOMOVEL","N","N","Condutor","41 a 50",""
"2016-011939929-001",2016-06-02 09:48:00.000,1,"S",3,"SEM FERIMENTOS","M","NÃO","NÃO",48,"25/12/1967","","",0,0,"AUTOMOVEL","N","N","Condutor","41 a 50",""
"2016-011941592-001",2016-06-02 08:55:00.000,1,"S",3,"SEM FERIMENTOS","M","NÃO","NÃO",60,"17/08/1955","","",0,0,"AUTOMOVEL","N","N","Condutor","Acima de 60",""
"2016-011991559-001",2016-06-02 17:23:00.000,1,"S",3,"SEM FERIMENTOS","M","NÃO","NÃO",70,"21/09/1945","","",0,0,"AUTOMOVEL","N","N","Condutor","Acima de 60",""
"2016-012000646-001",2016-06-02 20:41:00.000,1,"S",3,"SEM FERIMENTOS","M","NÃO","NÃO",20,"17/04/1996","","",0,0,"AUTOMOVEL","N","N","Condutor","18 a 24",""
"2016-012003392-001",2016-06-02 18:14:00.000,1,"S",3,"SEM FERIMENTOS","M","NÃO","NÃO",42,"27/05/1974","","",0,0,"AUTOMOVEL","N","N","Condutor","41 a 50",""
"2016-012019460-001",2016-06-03 09:00:00.000,1,"S",3,"SEM FERIMENTOS","M","NÃO","NÃO",44,"06/11/1971","","",0,0,"AUTOMOVEL","N","N","Condutor","41 a 50",""
"2016-012025981-001",2016-06-02 12:22:00.000,1,"S",3,"SEM FERIMENTOS","M","NÃO","NÃO",60,"25/08/1961","","",0,0,"AUTOMOVEL","N","N","Condutor","Acima de 60",""
"2016-012078311-001",2016-06-03 18:13:00.000,1,"S",3,"SEM FERIMENTOS","M","NÃO","NÃO",48,"16/09/1967","","",0,0,"AUTOMOVEL","N","N","Condutor","41 a 50",""
"2016-012092895-001",2016-06-04 04:39:00.000,1,"S",3,"SEM FERIMENTOS","M","NÃO","NÃO",43,"23/04/1973","","",0,0,"AUTOMOVEL","N","N","Condutor","41 a 50",""
"2016-012099345-001",2016-06-04 08:52:00.000,1,"S",3,"SEM FERIMENTOS","M","NÃO","NÃO",58,"21/04/1958","","",0,0,"AUTOMOVEL","N","N","Condutor","51 a 59",""
"2016-012100291-001",2016-06-03 22:27:00.000,1,"S",3,"SEM FERIMENTOS","M","NÃO","NÃO",55,"03/03/1961","","",0,0,"AUTOMOVEL","N","N","Condutor","51 a 59",""
"2016-012106260-001",2016-06-04 10:50:00.000,1,"S",3,"SEM FERIMENTOS","M","NÃO","NÃO",57,"01/04/1959","","",0,0,"AUTOMOVEL","N","N","Condutor","51 a 59",""
"2016-012108599-001",2016-06-04 10:37:00.000,1,"S",3,"SEM FERIMENTOS","M","NÃO","NÃO",42,"09/03/1974","","",0,0,"AUTOMOVEL","N","N","Condutor","41 a 50",""
"2016-012109931-001",2016-06-04 12:02:00.000,1,"S",3,"SEM FERIMENTOS","M","NÃO","NÃO",51,"05/10/1964","","",0,0,"AUTOMOVEL","N","N","Condutor","51 a 59",""
"2016-012113093-001",2016-06-04 13:05:00.000,1,"S",3,"SEM FERIMENTOS","M","NÃO","NÃO",67,"14/03/1949","","",0,0,"AUTOMOVEL","N","N","Condutor","Acima de 60",""
"2016-012134948-001",2016-06-04 20:35:00.000,1,"S",3,"SEM FERIMENTOS","M","NÃO","NÃO",32,"16/09/1983","","",0,0,"AUTOMOVEL","N","N","Condutor","31 a 35",""
"2016-012164327-001",2016-06-05 10:15:00.000,1,"S",3,"SEM FERIMENTOS","M","NÃO","NÃO",22,"01/04/1994","","",0,0,"AUTOMOVEL","N","N","Condutor","18 a 24",""
"2016-012166790-001",2016-06-05 12:10:00.000,1,"S",3,"SEM FERIMENTOS","M","NÃO","NÃO",44,"07/03/1972","","",0,0,"AUTOMOVEL","N","N","Condutor","41 a 50",""
"2016-012169304-001",2016-06-03 07:42:00.000,1,"S",3,"SEM FERIMENTOS","M","NÃO","NÃO",31,"12/06/1984","","",0,0,"AUTOMOVEL","N","N","Condutor","31 a 35",""
"2016-012173070-001",2016-06-05 15:03:00.000,1,"S",3,"SEM FERIMENTOS","M","NÃO","NÃO",39,"03/09/1976","","",0,0,"AUTOMOVEL","N","N","Condutor","36 a 40",""
"2016-012194609-001",2016-06-05 21:19:00.000,1,"S",3,"SEM FERIMENTOS","M","NÃO","NÃO",23,"09/09/1992","","",0,0,"AUTOMOVEL","N","N","Condutor","18 a 24",""
"2016-012222470-001",2016-06-06 08:23:00.000,1,"S",3,"SEM FERIMENTOS","M","NÃO","NÃO",59,"16/03/1957","","",0,0,"AUTOMOVEL","N","N","Condutor","51 a 59",""
"2016-012238745-001",2016-06-06 13:45:00.000,1,"S",3,"SEM FERIMENTOS","M","NÃO","NÃO",24,"13/08/1991","","",0,0,"AUTOMOVEL","N","N","Condutor","18 a 24",""
"2016-012246689-001",2016-06-06 18:30:00.000,1,"S",3,"SEM FERIMENTOS","M","NÃO","NÃO",19,"17/09/1996","","",0,0,"AUTOMOVEL","N","N","Condutor","18 a 24",""
"2016-012250501-001",2016-06-06 14:25:00.000,1,"S",3,"SEM FERIMENTOS","M","NÃO","NÃO",23,"20/08/1992","","",0,0,"AUTOMOVEL","N","N","Condutor","18 a 24",""
"2016-012262679-001",2016-06-06 15:34:00.000,1,"S",3,"SEM FERIMENTOS","M","NÃO","NÃO",31,"24/11/1984","","",0,0,"AUTOMOVEL","N","N","Condutor","31 a 35",""
"2016-012270779-001",2016-06-06 15:36:00.000,1,"S",3,"SEM FERIMENTOS","M","NÃO","NÃO",32,"16/01/1984","","",0,0,"AUTOMOVEL","N","N","Condutor","31 a 35",""
"2016-012274868-001",2016-06-06 16:26:00.000,1,"S",3,"SEM FERIMENTOS","M","NÃO","NÃO",60,"05/05/1956","","",0,0,"AUTOMOVEL","N","N","Condutor","Acima de 60",""
"2016-012275007-001",2016-06-06 17:13:00.000,1,"S",3,"SEM FERIMENTOS","M","NÃO","NÃO",38,"11/05/1978","","",0,0,"AUTOMOVEL","N","N","Condutor","36 a 40",""
"2016-012284261-001",2016-06-06 18:30:00.000,1,"S",3,"SEM FERIMENTOS","M","NÃO","NÃO",48,"29/08/1967","","",0,0,"AUTOMOVEL","N","N","Condutor","41 a 50",""
"2016-012286113-001",2016-06-06 17:43:00.000,1,"S",3,"SEM FERIMENTOS","M","NÃO","NÃO",23,"18/10/1992","","",0,0,"AUTOMOVEL","N","N","Condutor","18 a 24",""
"2016-012302187-001",2016-06-07 07:43:00.000,1,"S",3,"SEM FERIMENTOS","M","NÃO","NÃO",55,"20/04/1961","","",0,0,"AUTOMOVEL","N","N","Condutor","51 a 59",""
"2016-012304433-001",2016-06-07 08:21:00.000,1,"S",3,"SEM FERIMENTOS","M","NÃO","NÃO",31,"10/06/1984","","",0,0,"AUTOMOVEL","N","N","Condutor","31 a 35",""
"2016-012324735-001",2016-06-07 11:09:00.000,1,"S",3,"SEM FERIMENTOS","M","NÃO","NÃO",61,"22/10/1954","","",0,0,"AUTOMOVEL","N","N","Condutor","Acima de 60",""
"2016-012337490-001",2016-06-07 14:46:00.000,1,"S",3,"SEM FERIMENTOS","M","NÃO","NÃO",31,"18/05/1985","","",0,0,"AUTOMOVEL","N","N","Condutor","31 a 35",""
"2016-012340569-001",2016-06-07 13:38:00.000,1,"S",3,"SEM FERIMENTOS","M","NÃO","NÃO",44,"02/06/1972","","",0,0,"AUTOMOVEL","N","N","Condutor","41 a 50",""
"2016-012376550-001",2016-06-07 19:43:00.000,1,"S",3,"SEM FERIMENTOS","M","NÃO","NÃO",44,"17/05/1972","","",0,0,"AUTOMOVEL","N","N","Condutor","41 a 50",""
"2016-012401830-001",2016-06-08 09:55:00.000,1,"S",3,"SEM FERIMENTOS","M","NÃO","NÃO",46,"29/07/1969","","",0,0,"AUTOMOVEL","N","N","Condutor","41 a 50",""
"2016-012413967-001",2016-06-08 13:11:00.000,1,"S",3,"SEM FERIMENTOS","M","NÃO","NÃO",30,"30/03/1986","","",0,0,"AUTOMOVEL","N","N","Condutor","25 a 30",""
"2016-012424183-001",2016-06-08 11:54:00.000,1,"S",3,"SEM FERIMENTOS","M","NÃO","NÃO",42,"03/05/1974","","",0,0,"AUTOMOVEL","N","N","Condutor","41 a 50",""
"2016-012427789-001",2016-06-08 14:23:00.000,1,"S",3,"SEM FERIMENTOS","M","NÃO","NÃO",31,"11/08/1984","","",0,0,"AUTOMOVEL","N","N","Condutor","31 a 35",""
"2016-012428322-001",2016-06-08 15:14:00.000,1,"S",3,"SEM FERIMENTOS","M","NÃO","NÃO",57,"22/03/1959","","",0,0,"AUTOMOVEL","N","N","Condutor","51 a 59",""
"2016-012433247-001",2016-06-08 15:44:00.000,1,"S",3,"SEM FERIMENTOS","M","NÃO","NÃO",31,"16/07/1984","","",0,0,"AUTOMOVEL","N","N","Condutor","31 a 35",""
"2016-012433942-001",2016-06-08 12:13:00.000,1,"S",3,"SEM FERIMENTOS","M","NÃO","NÃO",50,"09/11/1965","","",0,0,"AUTOMOVEL","N","N","Condutor","41 a 50",""
"2016-012449945-001",2016-06-08 16:54:00.000,1,"S",3,"SEM FERIMENTOS","M","NÃO","NÃO",29,"08/04/1987","","",0,0,"AUTOMOVEL","N","N","Condutor","25 a 30",""
"2016-012467423-002",2016-06-09 07:35:00.000,1,"S",3,"SEM FERIMENTOS","M","NÃO","NÃO",39,"11/11/1976","","",0,0,"AUTOMOVEL","N","N","Condutor","36 a 40",""
"2016-012469279-001",2016-06-08 22:54:00.000,1,"S",3,"SEM FERIMENTOS","M","NÃO","NÃO",24,"17/07/1991","","",0,0,"AUTOMOVEL","N","N","Condutor","18 a 24",""
"2016-012485726-001",2016-06-09 09:24:00.000,1,"S",3,"SEM FERIMENTOS","M","NÃO","NÃO",43,"22/04/1973","","",0,0,"AUTOMOVEL","N","N","Condutor","41 a 50",""
"2016-012485886-001",2016-06-09 07:47:00.000,1,"S",3,"SEM FERIMENTOS","M","NÃO","NÃO",41,"27/07/1974","","",0,0,"AUTOMOVEL","N","N","Condutor","41 a 50",""
"2016-012509470-001",2016-06-10 09:32:00.000,1,"S",3,"SEM FERIMENTOS","M","NÃO","NÃO",29,"07/04/1987","","",0,0,"AUTOMOVEL","N","N","Condutor","25 a 30",""
"2016-012530895-001",2016-06-09 18:21:00.000,1,"S",3,"SEM FERIMENTOS","M","NÃO","NÃO",22,"16/07/1993","","",0,0,"AUTOMOVEL","N","N","Condutor","18 a 24",""
"2016-012553649-001",2016-06-10 06:04:00.000,1,"S",3,"SEM FERIMENTOS","M","NÃO","NÃO",59,"24/05/1957","","",0,0,"AUTOMOVEL","N","N","Condutor","51 a 59",""
"2016-012556012-001",2016-06-10 07:50:00.000,1,"S",3,"SEM FERIMENTOS","M","NÃO","NÃO",45,"19/09/1970","","",0,0,"AUTOMOVEL","N","N","Condutor","41 a 50",""
"2016-012568151-001",2016-06-10 08:00:00.000,1,"S",3,"SEM FERIMENTOS","M","NÃO","NÃO",31,"28/08/1984","","",0,0,"AUTOMOVEL","N","N","Condutor","31 a 35",""
"2016-012605738-001",2016-06-10 17:26:00.000,1,"S",3,"SEM FERIMENTOS","M","NÃO","NÃO",27,"02/10/1988","","",0,0,"AUTOMOVEL","N","N","Condutor","25 a 30",""
"2016-012614388-001",2016-06-10 19:24:00.000,1,"S",3,"SEM FERIMENTOS","M","NÃO","NÃO",40,"08/04/1976","","",0,0,"AUTOMOVEL","N","N","Condutor","36 a 40",""
"2016-012618530-001",2016-06-10 18:52:00.000,1,"S",3,"SEM FERIMENTOS","M","NÃO","NÃO",67,"17/11/1948","","",0,0,"AUTOMOVEL","N","N","Condutor","Acima de 60",""
"2016-012620974-001",2016-06-10 20:08:00.000,1,"S",3,"SEM FERIMENTOS","M","NÃO","NÃO",54,"21/03/1962","","",0,0,"AUTOMOVEL","N","N","Condutor","51 a 59",""
"2016-012625923-001",2016-06-10 20:39:00.000,1,"S",3,"SEM FERIMENTOS","M","NÃO","NÃO",63,"02/05/1953","","",0,0,"AUTOMOVEL","N","N","Condutor","Acima de 60",""
"2016-012645112-001",2016-06-11 09:13:00.000,1,"S",3,"SEM FERIMENTOS","M","NÃO","NÃO",47,"05/05/1969","","",0,0,"AUTOMOVEL","N","N","Condutor","41 a 50",""
"2016-012646000-001",2016-06-11 09:25:00.000,1,"S",3,"SEM FERIMENTOS","M","NÃO","NÃO",58,"29/09/1957","","",0,0,"AUTOMOVEL","N","N","Condutor","51 a 59",""
"2016-012649108-001",2016-06-11 09:46:00.000,1,"S",3,"SEM FERIMENTOS","M","NÃO","NÃO",38,"21/11/1977","","",0,0,"AUTOMOVEL","N","N","Condutor","36 a 40",""
"2016-012658425-001",2016-06-11 12:03:00.000,1,"S",3,"SEM FERIMENTOS","M","NÃO","NÃO",39,"30/08/1976","","",0,0,"AUTOMOVEL","N","N","Condutor","36 a 40",""
"2016-012662358-001",2016-06-10 19:35:00.000,1,"S",3,"SEM FERIMENTOS","M","NÃO","NÃO",53,"06/05/1963","","",0,0,"AUTOMOVEL","N","N","Condutor","51 a 59",""
"2016-012669544-001",2016-06-11 17:27:00.000,1,"S",3,"SEM FERIMENTOS","M","NÃO","NÃO",22,"28/07/1993","","",0,0,"AUTOMOVEL","N","N","Condutor","18 a 24",""
"2016-012670787-001",2016-06-11 15:54:00.000,1,"S",3,"SEM FERIMENTOS","M","NÃO","NÃO",24,"15/08/1991","","",0,0,"AUTOMOVEL","N","N","Condutor","18 a 24",""
"2016-012694221-001",2016-06-12 00:35:00.000,1,"S",3,"SEM FERIMENTOS","M","NÃO","NÃO",45,"09/05/1971","","",0,0,"AUTOMOVEL","N","N","Condutor","41 a 50",""
"2016-012705474-001",2016-06-12 09:43:00.000,1,"S",3,"SEM FERIMENTOS","M","NÃO","NÃO",68,"19/11/1947","","",0,0,"AUTOMOVEL","N","N","Condutor","Acima de 60",""
"2016-012710492-001",2016-06-12 11:17:00.000,1,"S",3,"SEM FERIMENTOS","M","NÃO","NÃO",32,"21/11/1983","","",0,0,"AUTOMOVEL","N","N","Condutor","31 a 35",""
"2016-012724377-001",2016-06-12 18:17:00.000,1,"S",3,"SEM FERIMENTOS","M","NÃO","NÃO",30,"22/01/1986","","",0,0,"AUTOMOVEL","N","N","Condutor","25 a 30",""
"2016-012734905-001",2016-06-12 22:04:00.000,1,"S",3,"SEM FERIMENTOS","M","NÃO","NÃO",21,"29/07/1994","","",0,0,"AUTOMOVEL","N","N","Condutor","18 a 24",""
"2016-012790702-001",2016-06-12 20:30:00.000,1,"S",3,"SEM FERIMENTOS","M","NÃO","NÃO",54,"07/07/1961","","",0,0,"AUTOMOVEL","N","N","Condutor","51 a 59",""
"2016-012793524-001",2016-06-12 23:30:00.000,1,"S",3,"SEM FERIMENTOS","M","NÃO","NÃO",57,"07/06/1959","","",0,0,"AUTOMOVEL","N","N","Condutor","51 a 59",""
"2016-012798542-001",2016-06-13 14:32:00.000,1,"S",3,"SEM FERIMENTOS","M","NÃO","NÃO",38,"18/09/1977","","",0,0,"AUTOMOVEL","N","N","Condutor","36 a 40",""
"2016-012816141-001",2016-06-13 19:14:00.000,1,"S",3,"SEM FERIMENTOS","M","NÃO","NÃO",46,"15/12/1969","","",0,0,"AUTOMOVEL","N","N","Condutor","41 a 50",""
"2016-012822831-001",2016-06-13 21:01:00.000,1,"S",3,"SEM FERIMENTOS","M","NÃO","NÃO",31,"02/03/1985","","",0,0,"AUTOMOVEL","N","N","Condutor","31 a 35",""
"2016-012827048-001",2016-06-13 22:16:00.000,1,"S",3,"SEM FERIMENTOS","M","NÃO","NÃO",62,"01/06/1954","","",0,0,"AUTOMOVEL","N","N","Condutor","Acima de 60",""
"2016-012836744-001",2016-06-14 08:07:00.000,1,"S",3,"SEM FERIMENTOS","M","NÃO","NÃO",45,"12/01/1971","","",0,0,"AUTOMOVEL","N","N","Condutor","41 a 50",""
"2016-012837450-001",2016-06-12 12:52:00.000,1,"S",3,"SEM FERIMENTOS","M","NÃO","NÃO",40,"06/04/1976","","",0,0,"AUTOMOVEL","N","N","Condutor","36 a 40",""
"2016-012888910-001",2016-06-14 16:12:00.000,1,"S",3,"SEM FERIMENTOS","M","NÃO","NÃO",79,"15/05/1937","","",0,0,"AUTOMOVEL","N","N","Condutor","Acima de 60",""
"2016-012893561-001",2016-06-14 18:10:00.000,1,"S",3,"SEM FERIMENTOS","M","NÃO","NÃO",49,"26/03/1967","","",0,0,"AUTOMOVEL","N","N","Condutor","41 a 50",""
"2016-012898370-001",2016-06-14 16:57:00.000,1,"S",3,"SEM FERIMENTOS","M","NÃO","NÃO",22,"21/10/1993","","",0,0,"AUTOMOVEL","N","N","Condutor","18 a 24",""
"2016-012900929-001",2016-06-14 19:40:00.000,1,"S",3,"SEM FERIMENTOS","M","NÃO","NÃO",24,"17/12/1991","","",0,0,"AUTOMOVEL","N","N","Condutor","18 a 24",""
"2016-012923503-001",2016-06-15 07:41:00.000,1,"S",3,"SEM FERIMENTOS","M","NÃO","NÃO",44,"10/05/1972","","",0,0,"AUTOMOVEL","N","N","Condutor","41 a 50",""
"2016-012930076-001",2016-06-15 08:31:00.000,1,"S",3,"SEM FERIMENTOS","M","NÃO","NÃO",31,"07/08/1984","","",0,0,"AUTOMOVEL","N","N","Condutor","31 a 35",""
"2016-012936740-001",2016-06-15 10:11:00.000,1,"S",3,"SEM FERIMENTOS","M","NÃO","NÃO",29,"29/09/1986","","",0,0,"AUTOMOVEL","N","N","Condutor","25 a 30",""
"2016-012951567-001",2016-06-15 12:32:00.000,1,"S",3,"SEM FERIMENTOS","M","NÃO","NÃO",32,"11/06/1984","","",0,0,"AUTOMOVEL","N","N","Condutor","31 a 35",""
"2016-012964594-001",2016-06-15 14:53:00.000,1,"S",3,"SEM FERIMENTOS","M","NÃO","NÃO",58,"07/08/1957","","",0,0,"AUTOMOVEL","N","N","Condutor","51 a 59",""
"2016-012984450-001",2016-06-15 20:30:00.000,1,"S",3,"SEM FERIMENTOS","M","NÃO","NÃO",44,"09/06/1972","","",0,0,"AUTOMOVEL","N","N","Condutor","41 a 50",""
"2016-012992221-001",2016-06-16 00:46:00.000,1,"S",3,"SEM FERIMENTOS","M","NÃO","NÃO",22,"17/08/1993","","",0,0,"AUTOMOVEL","N","N","Condutor","18 a 24",""
"2016-012997867-001",2016-06-16 08:30:00.000,1,"S",3,"SEM FERIMENTOS","M","NÃO","NÃO",40,"13/07/1975","","",0,0,"AUTOMOVEL","N","N","Condutor","36 a 40",""
"2016-013001820-001",2016-06-16 07:25:00.000,1,"S",3,"SEM FERIMENTOS","M","NÃO","NÃO",56,"02/03/1960","","",0,0,"AUTOMOVEL","N","N","Condutor","51 a 59",""
"2016-013004901-001",2016-06-16 08:25:00.000,1,"S",3,"SEM FERIMENTOS","M","NÃO","NÃO",52,"26/05/1964","","",0,0,"AUTOMOVEL","N","N","Condutor","51 a 59",""
"2016-013023271-001",2016-06-16 12:57:00.000,1,"S",3,"SEM FERIMENTOS","M","NÃO","NÃO",70,"09/01/1946","","",0,0,"AUTOMOVEL","N","N","Condutor","Acima de 60",""
"2016-013040500-001",2016-06-14 07:00:00.000,1,"S",3,"SEM FERIMENTOS","M","NÃO","NÃO",46,"08/11/1969","","",0,0,"AUTOMOVEL","N","N","Condutor","41 a 50",""
"2016-013059877-001",2016-06-16 18:39:00.000,1,"S",3,"SEM FERIMENTOS","M","NÃO","NÃO",31,"20/12/1984","","",0,0,"AUTOMOVEL","N","N","Condutor","31 a 35",""
"2016-013079341-001",2016-06-16 23:08:00.000,1,"S",3,"SEM FERIMENTOS","M","NÃO","NÃO",54,"22/02/1988","","",0,0,"AUTOMOVEL","N","N","Condutor","51 a 59",""
"2016-013092613-001",2016-06-17 07:10:00.000,1,"S",3,"SEM FERIMENTOS","M","NÃO","NÃO",45,"05/07/1970","","",0,0,"AUTOMOVEL","N","N","Condutor","41 a 50",""
"2016-013105207-001",2016-06-17 09:28:00.000,1,"S",3,"SEM FERIMENTOS","M","NÃO","NÃO",25,"30/11/1990","","",0,0,"AUTOMOVEL","N","N","Condutor","25 a 30",""
"2016-013132281-001",2016-06-17 14:14:00.000,1,"S",3,"SEM FERIMENTOS","M","NÃO","NÃO",42,"30/01/1974","","",0,0,"AUTOMOVEL","N","N","Condutor","41 a 50",""
"2016-013144702-001",2016-06-17 16:55:00.000,1,"S",3,"SEM FERIMENTOS","M","NÃO","NÃO",65,"26/11/1950","","",0,0,"AUTOMOVEL","N","N","Condutor","Acima de 60",""
"2016-013147881-001",2016-06-17 18:05:00.000,1,"S",3,"SEM FERIMENTOS","M","NÃO","NÃO",38,"15/03/1978","","",0,0,"AUTOMOVEL","N","N","Condutor","36 a 40",""
"2016-013173366-001",2016-06-18 07:32:00.000,1,"S",3,"SEM FERIMENTOS","M","NÃO","NÃO",41,"01/06/1975","","",0,0,"AUTOMOVEL","N","N","Condutor","41 a 50",""
"2016-013176097-001",2016-06-18 07:06:00.000,1,"S",3,"SEM FERIMENTOS","M","NÃO","NÃO",61,"14/11/1954","","",0,0,"AUTOMOVEL","N","N","Condutor","Acima de 60",""
"2016-013192886-001",2016-06-18 11:17:00.000,1,"S",3,"SEM FERIMENTOS","M","NÃO","NÃO",60,"20/03/1956","","",0,0,"AUTOMOVEL","N","N","Condutor","Acima de 60",""
"2016-013200555-001",2016-06-18 14:48:00.000,1,"S",3,"SEM FERIMENTOS","M","NÃO","NÃO",21,"08/10/1994","","",0,0,"AUTOMOVEL","N","N","Condutor","18 a 24",""
"2016-013219300-001",2016-06-18 22:06:00.000,1,"S",3,"SEM FERIMENTOS","M","NÃO","NÃO",47,"11/08/1968","","",0,0,"AUTOMOVEL","N","N","Condutor","41 a 50",""
"2016-013233815-002",2016-06-19 06:15:00.000,1,"S",3,"SEM FERIMENTOS","M","NÃO","NÃO",29,"15/08/1986","","",0,0,"AUTOMOVEL","N","N","Condutor","25 a 30",""
"2016-013234681-001",2016-06-19 07:18:00.000,1,"S",3,"SEM FERIMENTOS","M","NÃO","NÃO",43,"10/10/1972","","",0,0,"AUTOMOVEL","N","N","Condutor","41 a 50",""
"2016-013235792-001",2016-06-19 08:13:00.000,1,"S",3,"SEM FERIMENTOS","M","NÃO","NÃO",54,"27/09/1961","","",0,0,"AUTOMOVEL","N","N","Condutor","51 a 59",""
"2016-013251059-001",2016-06-19 15:11:00.000,1,"S",3,"SEM FERIMENTOS","M","NÃO","NÃO",41,"06/03/1975","","",0,0,"AUTOMOVEL","N","N","Condutor","41 a 50",""
"2016-013257188-001",2016-06-19 14:12:00.000,1,"S",3,"SEM FERIMENTOS","M","NÃO","NÃO",32,"03/10/1983","","",0,0,"AUTOMOVEL","N","N","Condutor","31 a 35",""
"2016-013282363-001",2016-06-19 18:02:00.000,1,"S",3,"SEM FERIMENTOS","M","NÃO","NÃO",66,"11/12/1949","","",0,0,"AUTOMOVEL","N","N","Condutor","Acima de 60",""
"2016-013303408-001",2016-06-20 08:01:00.000,1,"S",3,"SEM FERIMENTOS","M","NÃO","NÃO",24,"28/10/1991","","",0,0,"AUTOMOVEL","N","N","Condutor","18 a 24",""
"2016-013342669-001",2016-06-20 14:29:00.000,1,"S",3,"SEM FERIMENTOS","M","NÃO","NÃO",52,"15/08/1963","","",0,0,"AUTOMOVEL","N","N","Condutor","51 a 59",""
"2016-013346717-001",2016-06-20 03:43:00.000,1,"S",3,"SEM FERIMENTOS","M","NÃO","NÃO",27,"03/03/1989","","",0,0,"AUTOMOVEL","N","N","Condutor","25 a 30",""
"2016-013358570-001",2016-06-16 17:30:00.000,1,"S",3,"SEM FERIMENTOS","M","NÃO","NÃO",38,"09/11/1977","","",0,0,"AUTOMOVEL","N","N","Condutor","36 a 40",""
"2016-013358765-001",2016-06-20 18:26:00.000,1,"S",3,"SEM FERIMENTOS","M","NÃO","NÃO",72,"10/05/1944","","",0,0,"AUTOMOVEL","N","N","Condutor","Acima de 60",""
"2016-013376087-001",2016-06-21 07:56:00.000,1,"S",3,"SEM FERIMENTOS","M","NÃO","NÃO",22,"31/07/1993","","",0,0,"AUTOMOVEL","N","N","Condutor","18 a 24",""
"2016-013397368-001",2016-06-21 12:43:00.000,1,"S",3,"SEM FERIMENTOS","M","NÃO","NÃO",47,"20/05/1969","","",0,0,"AUTOMOVEL","N","N","Condutor","41 a 50",""
"2016-013401593-001",2016-06-21 12:30:00.000,1,"S",3,"SEM FERIMENTOS","M","NÃO","NÃO",51,"23/06/1964","","",0,0,"AUTOMOVEL","N","N","Condutor","51 a 59",""
"2016-013433768-001",2016-06-21 16:29:00.000,1,"S",3,"SEM FERIMENTOS","M","NÃO","NÃO",57,"02/09/1958","","",0,0,"AUTOMOVEL","N","N","Condutor","51 a 59",""
"2016-013445251-001",2016-06-21 20:50:00.000,1,"S",3,"SEM FERIMENTOS","M","NÃO","NÃO",29,"23/10/1986","","",0,0,"AUTOMOVEL","N","N","Condutor","25 a 30",""
"2016-013454397-001",2016-06-22 04:41:00.000,1,"S",3,"SEM FERIMENTOS","M","NÃO","NÃO",52,"30/12/1963","","",0,0,"AUTOMOVEL","N","N","Condutor","51 a 59",""
"2016-013461317-001",2016-06-21 22:20:00.000,1,"S",3,"SEM FERIMENTOS","M","NÃO","NÃO",43,"28/01/1973","","",0,0,"AUTOMOVEL","N","N","Condutor","41 a 50",""
"2016-013468858-001",2016-06-22 09:05:00.000,1,"S",3,"SEM FERIMENTOS","M","NÃO","NÃO",42,"18/04/1974","","",0,0,"AUTOMOVEL","N","N","Condutor","41 a 50",""
"2016-013471379-001",2016-06-22 10:17:00.000,1,"S",3,"SEM FERIMENTOS","M","NÃO","NÃO",45,"24/02/1971","","",0,0,"AUTOMOVEL","N","N","Condutor","41 a 50",""
"2016-013492528-001",2016-06-22 14:42:00.000,1,"S",3,"SEM FERIMENTOS","M","NÃO","NÃO",30,"27/06/1985","","",0,0,"AUTOMOVEL","N","N","Condutor","25 a 30",""
"2016-013501401-001",2016-06-22 13:51:00.000,1,"S",3,"SEM FERIMENTOS","M","NÃO","NÃO",69,"27/11/1946","","",0,0,"AUTOMOVEL","N","N","Condutor","Acima de 60",""
"2016-013527754-001",2016-06-22 22:01:00.000,1,"S",3,"SEM FERIMENTOS","M","NÃO","NÃO",39,"04/06/1977","","",0,0,"AUTOMOVEL","N","N","Condutor","36 a 40",""
"2016-013530600-001",2016-06-23 00:35:00.000,1,"S",3,"SEM FERIMENTOS","M","NÃO","NÃO",53,"29/07/1962","","",0,0,"AUTOMOVEL","N","N","Condutor","51 a 59",""
"2016-013545113-001",2016-06-20 18:30:00.000,1,"S",3,"SEM FERIMENTOS","M","NÃO","NÃO",48,"13/10/1967","","",0,0,"AUTOMOVEL","N","N","Condutor","41 a 50",""
"2016-013553659-001",2016-06-23 12:07:00.000,1,"S",3,"SEM FERIMENTOS","M","NÃO","NÃO",24,"29/06/1991","","",0,0,"AUTOMOVEL","N","N","Condutor","18 a 24",""
"2016-013599918-001",2016-06-23 21:08:00.000,1,"S",3,"SEM FERIMENTOS","M","NÃO","NÃO",62,"20/04/1954","","",0,0,"AUTOMOVEL","N","N","Condutor","Acima de 60",""
"2016-013600247-001",2016-06-23 21:43:00.000,1,"S",3,"SEM FERIMENTOS","M","NÃO","NÃO",25,"11/01/1991","","",0,0,"AUTOMOVEL","N","N","Condutor","25 a 30",""
"2016-013608388-001",2016-06-23 22:20:00.000,1,"S",3,"SEM FERIMENTOS","M","NÃO","NÃO",45,"28/06/1970","","",0,0,"AUTOMOVEL","N","N","Condutor","41 a 50",""
"2016-013657183-001",2016-06-24 14:15:00.000,1,"S",3,"SEM FERIMENTOS","M","NÃO","NÃO",32,"21/12/1983","","",0,0,"AUTOMOVEL","N","N","Condutor","31 a 35",""
"2016-013657534-001",2016-06-24 13:46:00.000,1,"S",3,"SEM FERIMENTOS","M","NÃO","NÃO",27,"31/07/1988","","",0,0,"AUTOMOVEL","N","N","Condutor","25 a 30",""
"2016-013673327-001",2016-06-24 17:53:00.000,1,"S",3,"SEM FERIMENTOS","M","NÃO","NÃO",72,"29/02/1944","","",0,0,"AUTOMOVEL","N","N","Condutor","Acima de 60",""
"2016-013679484-001",2016-06-24 18:37:00.000,1,"S",3,"SEM FERIMENTOS","M","NÃO","NÃO",43,"16/06/1973","","",0,0,"AUTOMOVEL","N","N","Condutor","41 a 50",""
"2016-013685124-001",2016-06-24 21:47:00.000,1,"S",3,"SEM FERIMENTOS","M","NÃO","NÃO",74,"23/02/1942","","",0,0,"AUTOMOVEL","N","N","Condutor","Acima de 60",""
"2016-013697276-001",2016-06-25 04:19:00.000,1,"S",3,"SEM FERIMENTOS","M","NÃO","NÃO",22,"22/06/1994","","",0,0,"AUTOMOVEL","N","N","Condutor","18 a 24",""
"2016-013705681-001",2016-06-25 09:16:00.000,1,"S",3,"SEM FERIMENTOS","M","NÃO","NÃO",27,"05/11/1988","","",0,0,"AUTOMOVEL","N","N","Condutor","25 a 30",""
"2016-013715085-001",2016-06-25 13:03:00.000,1,"S",3,"SEM FERIMENTOS","M","NÃO","NÃO",32,"02/09/1983","","",0,0,"AUTOMOVEL","N","N","Condutor","31 a 35",""
"2016-013716155-001",2016-06-25 13:21:00.000,1,"S",3,"SEM FERIMENTOS","M","NÃO","NÃO",39,"20/10/1976","","",0,0,"AUTOMOVEL","N","N","Condutor","36 a 40",""
"2016-013720467-001",2016-06-25 12:33:00.000,1,"S",3,"SEM FERIMENTOS","M","NÃO","NÃO",24,"16/02/1992","","",0,0,"AUTOMOVEL","N","N","Condutor","18 a 24",""
"2016-013734103-001",2016-06-25 18:32:00.000,1,"S",3,"SEM FERIMENTOS","M","NÃO","NÃO",24,"11/03/1992","","",0,0,"AUTOMOVEL","N","N","Condutor","18 a 24",""
"2016-013748189-001",2016-06-25 23:18:00.000,1,"S",3,"SEM FERIMENTOS","M","NÃO","NÃO",51,"06/07/1964","","",0,0,"AUTOMOVEL","N","N","Condutor","51 a 59",""
"2016-013749274-001",2016-06-25 21:35:00.000,1,"S",3,"SEM FERIMENTOS","M","NÃO","NÃO",38,"30/12/1975","","",0,0,"AUTOMOVEL","N","N","Condutor","36 a 40",""
"2016-013754223-001",2016-06-26 00:15:00.000,1,"S",3,"SEM FERIMENTOS","M","NÃO","NÃO",21,"14/09/1994","","",0,0,"AUTOMOVEL","N","N","Condutor","18 a 24",""
"2016-013757296-001",2016-06-26 01:37:00.000,1,"S",3,"SEM FERIMENTOS","M","NÃO","NÃO",30,"22/07/1985","","",0,0,"AUTOMOVEL","N","N","Condutor","25 a 30",""
"2016-013763070-001",2016-06-25 12:28:00.000,1,"S",3,"SEM FERIMENTOS","M","NÃO","NÃO",67,"14/11/1948","","",0,0,"AUTOMOVEL","N","N","Condutor","Acima de 60",""
"2016-013768571-001",2016-06-26 10:54:00.000,1,"S",3,"SEM FERIMENTOS","M","NÃO","NÃO",41,"25/11/1974","","",0,0,"AUTOMOVEL","N","N","Condutor","41 a 50",""
"2016-013788425-001",2016-06-26 19:16:00.000,1,"S",3,"SEM FERIMENTOS","M","NÃO","NÃO",39,"17/08/1976","","",0,0,"AUTOMOVEL","N","N","Condutor","36 a 40",""
"2016-013800096-001",2016-06-26 18:34:00.000,1,"S",3,"SEM FERIMENTOS","M","NÃO","NÃO",52,"30/12/1963","","",0,0,"AUTOMOVEL","N","N","Condutor","51 a 59",""
"2016-013804630-001",2016-06-27 06:25:00.000,1,"S",3,"SEM FERIMENTOS","M","NÃO","NÃO",54,"16/10/1961","","",0,0,"AUTOMOVEL","N","N","Condutor","51 a 59",""
"2016-013810220-001",2016-06-27 08:37:00.000,1,"S",3,"SEM FERIMENTOS","M","NÃO","NÃO",54,"31/03/1962","","",0,0,"AUTOMOVEL","N","N","Condutor","51 a 59",""
"2016-013821533-001",2016-06-27 06:48:00.000,1,"S",3,"SEM FERIMENTOS","M","NÃO","NÃO",24,"17/10/1991","","",0,0,"AUTOMOVEL","N","N","Condutor","18 a 24",""
"2016-013822120-001",2016-06-27 09:43:00.000,1,"S",3,"SEM FERIMENTOS","M","NÃO","NÃO",21,"02/10/1994","","",0,0,"AUTOMOVEL","N","N","Condutor","18 a 24",""
"2016-013839522-001",2016-06-27 13:00:00.000,1,"S",3,"SEM FERIMENTOS","M","NÃO","NÃO",20,"17/08/1995","","",0,0,"AUTOMOVEL","N","N","Condutor","18 a 24",""
"2016-013865693-001",2016-06-27 15:59:00.000,1,"S",3,"SEM FERIMENTOS","M","NÃO","NÃO",45,"22/10/1970","","",0,0,"AUTOMOVEL","N","N","Condutor","41 a 50",""
"2016-013870928-001",2016-06-27 18:04:00.000,1,"S",3,"SEM FERIMENTOS","M","NÃO","NÃO",47,"10/05/1969","","",0,0,"AUTOMOVEL","N","N","Condutor","41 a 50",""
"2016-013879838-001",2016-06-27 18:45:00.000,1,"S",3,"SEM FERIMENTOS","M","NÃO","NÃO",24,"18/10/1991","","",0,0,"AUTOMOVEL","N","N","Condutor","18 a 24",""
"2016-013883507-001",2016-06-27 21:57:00.000,1,"S",3,"SEM FERIMENTOS","M","NÃO","NÃO",38,"27/05/1978","","",0,0,"AUTOMOVEL","N","N","Condutor","36 a 40",""
"2016-013886554-001",2016-06-27 20:57:00.000,1,"S",3,"SEM FERIMENTOS","M","NÃO","NÃO",20,"07/05/1996","","",0,0,"AUTOMOVEL","N","N","Condutor","18 a 24",""
"2016-013916120-001",2016-06-28 08:45:00.000,1,"S",3,"SEM FERIMENTOS","M","NÃO","NÃO",45,"17/10/1970","","",0,0,"AUTOMOVEL","N","N","Condutor","41 a 50",""
"2016-013928899-001",2016-06-28 14:40:00.000,1,"S",3,"SEM FERIMENTOS","M","NÃO","NÃO",61,"21/08/1954","","",0,0,"AUTOMOVEL","N","N","Condutor","Acima de 60",""
"2016-013949734-001",2016-06-28 15:32:00.000,1,"S",3,"SEM FERIMENTOS","M","NÃO","NÃO",21,"09/01/1995","","",0,0,"AUTOMOVEL","N","N","Condutor","18 a 24",""
"2016-013956491-001",2016-06-28 17:07:00.000,1,"S",3,"SEM FERIMENTOS","M","NÃO","NÃO",79,"18/06/1937","","",0,0,"AUTOMOVEL","N","N","Condutor","Acima de 60",""
"2016-013972033-001",2016-06-28 22:02:00.000,1,"S",3,"SEM FERIMENTOS","M","NÃO","NÃO",22,"29/04/1994","","",0,0,"AUTOMOVEL","N","N","Condutor","18 a 24",""
"2016-013980159-001",2016-06-29 07:01:00.000,1,"S",3,"SEM FERIMENTOS","M","NÃO","NÃO",22,"21/04/1994","","",0,0,"AUTOMOVEL","N","N","Condutor","18 a 24",""
"2016-013993067-001",2016-06-29 09:21:00.000,1,"S",3,"SEM FERIMENTOS","M","NÃO","NÃO",24,"05/07/1991","","",0,0,"AUTOMOVEL","N","N","Condutor","18 a 24",""
"2016-013994820-001",2016-06-29 11:15:00.000,1,"S",3,"SEM FERIMENTOS","M","NÃO","NÃO",31,"22/10/1984","","",0,0,"AUTOMOVEL","N","N","Condutor","31 a 35",""
"2016-014000891-001",2016-06-29 11:40:00.000,1,"S",3,"SEM FERIMENTOS","M","NÃO","NÃO",42,"10/02/1974","","",0,0,"AUTOMOVEL","N","N","Condutor","41 a 50",""
"2016-014012240-001",2016-06-29 13:18:00.000,1,"S",3,"SEM FERIMENTOS","M","NÃO","NÃO",54,"16/08/1961","","",0,0,"AUTOMOVEL","N","N","Condutor","51 a 59",""
"2016-014017572-001",2016-06-