version https://git-lfs.github.com/spec/v1
oid sha256:dba7d079902864af466e198000896a1fb3da53f26b2af191e9a9615a2a0108f3
size 128
